Type_1;Type_2
0.75; 0.75; 
0.75; 0.75; 
0.75; 0.75; 
0.75; 0.75; 
0.75; 0.650567; 
0.727648; 0.62383; 
0.71745; 0.608948; 
0.707133; 0.594349; 
0.696397; 0.579526; 
0.62761; 0.563355; 
0.557014; 0.544683; 
0.493933; 0.522847; 
0.454103; 0.498168; 
0.429047; 0.472206; 
0.411291; 0.447394; 
0.398559; 0.426054; 
0.389884; 0.409443; 
0.384276; 0.397542; 
0.380765; 0.389516; 
0.378591; 0.384298; 
0.377259; 0.380953; 
0.376442; 0.378838; 
0.375937; 0.377504; 
0.375621; 0.376658; 
0.37542; 0.376117; 
0.375291; 0.375767; 
0.375205; 0.375537; 
0.375148; 0.375383; 
0.375109; 0.375278; 
0.375082; 0.375206; 
0.375063; 0.375156; 
0.375049; 0.375119; 
0.375039; 0.375093; 
0.375031; 0.375074; 
0.375026; 0.37506; 
0.375021; 0.375049; 
0.375018; 0.37504; 
0.375015; 0.375034; 
0.375013; 0.375029; 
0.375011; 0.375025; 
0.37501; 0.375021; 
0.375009; 0.375019; 
0.375008; 0.375017; 
0.375007; 0.375015; 
0.375007; 0.375013; 
0.375006; 0.375012; 
0.375006; 0.375011; 
0.375005; 0.37501; 
0.351376; 0.356085; 
0.340382; 0.336422; 
0.313131; 0.319835; 
0.283358; 0.305303; 
0.256754; 0.292106; 
0.231714; 0.279699; 
0.206894; 0.267621; 
0.18095; 0.255446; 
0.152275; 0.242724; 
0.118594; 0.228931; 
0.0761913; 0.213386; 
0.0548621; 0.195127; 
0.0353876; 0.172671; 
0.00846694; 0.143541; 
2.01028e-005; 0.103176; 
2.95905e-005; 0.0937714; 
4.5507e-005; 0.0937776; 
7.25029e-005; 0.0937871; 
0.000118493; 0.0938019; 
-0.0326057; 0.0832591; 
-0.0470401; 0.0402767; 
-0.0630451; 0.0161113; 
-0.0790976; -0.0104793; 
-0.0938635; -0.0367781; 
-0.1471; -0.0606321; 
-0.191416; -0.0809876; 
-0.237492; -0.0977748; 
-0.27607; -0.1115; 
-0.303562; -0.122861; 
-0.318121; -0.132467; 
-0.313144; -0.140641; 
-0.301951; -0.147265; 
-0.289014; -0.151673; 
-0.294205; -0.176391; 
-0.29475; -0.371645; 
-0.286792; -0.406217; 
-0.264037; -0.415323; 
-0.215717; -0.41843; 
-0.152448; -0.416512; 
-0.0792603; -0.411134; 
-0.110129; -0.404598; 
-0.107622; -0.397261; 
-0.10384; -0.390647; 
-0.0300403; -0.384935; 
-0.0294143; -0.366326; 
-0.0246437; -0.339071; 
-0.0191041; -0.296844; 
-0.00666559; -0.0395562; 
0.0450827; -0.0173643; 
0.0502892; -0.00190928; 
0.054362; 0.0089541; 
0.0573219; 0.0172109; 
0.0593724; 0.0236623; 
0.0611046; 0.0282015; 
0.066036; 0.0381367; 
0.0700833; 0.0486784; 
0.0733847; 0.0593124; 
0.0760388; 0.0702177; 
0.0781304; 0.0815168; 
0.0797311; 0.0932912; 
0.080901; 0.105589; 
0.0816892; 0.118428; 
0.0821342; 0.131795; 
0.0822654; 0.14565; 
0.0821035; 0.159921; 
0.0816618; 0.219761; 
0.0794055; 0.21408; 
0.075585; 0.207777; 
0.0712298; 0.206475; 
0.0662988; 0.205168; 
0.0607574; 0.202807; 
0.0545714; 0.199421; 
0.0477117; 0.194921; 
0.0425274; 0.189115; 
0.0423079; 0.18172; 
0.0419308; 0.16638; 
0.0414051; 0.139077; 
0.0149456; 0.12856; 
0.0103546; 0.0887008; 
0.00617284; 0.0707214; 
0.00252186; 0.0547413; 
-0.00068154; 0.0403793; 
-0.00354099; 0.027122; 
-0.00611116; 0.014576; 
-0.00842099; 0.00244284; 
-0.0104904; -0.00950152; 
-0.0123359; -0.202347; 
-0.0139703; -0.205076; 
-0.0154034; -0.20699; 
-0.0166425; -0.225879; 
-0.0176929; -0.272161; 
-0.018558; -0.2802; 
-0.0192402; -0.286412; 
-0.0197411; -0.290929; 
-0.0200616; -0.29398; 
-0.0202024; -0.295686; 
-0.0201644; -0.293706; 
-0.0199491; -0.263703; 
-0.0195586; -0.162452; 
-0.0189963; 0.0261718; 
-0.018267; 0.03515; 
-0.0173773; 0.0424645; 
0.0067499; 0.0482439; 
0.00584627; 0.0577198; 
0.00503813; 0.0705549; 
0.00431456; 0.0824818; 
0.00366571; 0.0937875; 
0.00308288; 0.104622; 
0.00255836; 0.115061; 
0.00208537; 0.162133; 
0.001658; 0.177979; 
0.00127107; 0.175945; 
0.000920087; 0.172715; 
0.000601172; 0.168259; 
0.000310969; 0.163473; 
4.65934e-005; 0.161653; 
0; 0.158261; 
0; 0.153243; 
0; 0.146433; 
0; 0.137595; 
0; 0.12094; 
0; 0.107264; 
0; 0.106182; 
0; 0.0639112; 
0; 0.0495606; 
0; 0.0361438; 
0; 0.0237105; 
0; -0.171559; 
0; -0.177046; 
0; -0.181454; 
0; -0.183512; 
0; -0.183604; 
0; -0.204214; 
0; -0.254049; 
0; -0.259218; 
0; -0.262832; 
0; -0.26472; 
0; -0.264819; 
0; -0.240956; 
0; -0.146973; 
0; 0.0414596; 
0; 0.0479735; 
0; 0.053643; 
0; 0.0594902; 
0; 0.0727868; 
0; 0.0847877; 
0; 0.0958719; 
0; 0.146139; 
0; 0.165701; 
0; 0.165863; 
0; 0.164621; 
0; 0.161978; 
0; 0.158041; 
0; 0.152866; 
0; 0.148418; 
0; 0.144684; 
0; 0.139213; 
0; 0.131865; 
0; 0.122408; 
0; 0.103364; 
0; 0.101444; 
0; 0.0908533; 
0; 0.0560647; 
0; 0.0428903; 
0; -0.155394; 
0; -0.162741; 
0; -0.168783; 
0; -0.172107; 
0; -0.17323; 
0; -0.17247; 
0; -0.192135; 
0; -0.191237; 
0; -0.244276; 
0; -0.246353; 
0; -0.246775; 
0; -0.23331; 
0; -0.138968; 
0; -0.13902; 
0; 0.0534751; 
0; 0.058315; 
3.54901e-007; 0.0655939; 
8.39958e-007; 0.0796895; 
1.25339e-006; 0.13432; 
1.59939e-006; 0.141076; 
1.88054e-006; 0.160875; 
2.10013e-006; 0.161999; 
2.26198e-006; 0.161596; 
2.37038e-006; 0.159707; 
2.42993e-006; 0.156462; 
2.4454e-006; 0.151942; 
2.42173e-006; 0.149551; 
2.36384e-006; 0.146504; 
2.27662e-006; 0.141791; 
2.16483e-006; 0.135285; 
2.03304e-006; 0.126787; 
1.8856e-006; 0.110586; 
1.7266e-006; 0.103094; 
1.55981e-006; 0.101983; 
1.38868e-006; 0.0614283; 
1.21635e-006; 0.0481986; 
1.04557e-006; 0.0356444; 
8.78787e-007; -0.160618; 
7.18067e-007; -0.166995; 
5.65161e-007; -0.17222; 
4.21489e-007; -0.174902; 
2.88168e-007; -0.175495; 
1.66023e-007; -0.194564; 
5.56146e-008; -0.194923; 
0; -0.245733; 
0; -0.249106; 
0; -0.250876; 
0; -0.250704; 
0; -0.227944; 
0; -0.140763; 
0; 0.0480749; 
0; 0.053619; 
0; 0.0586176; 
0; 0.0675168; 
0; 0.0803398; 
0; 0.0919216; 
0; 0.140597; 
0; 0.160112; 
0; 0.160997; 
0; 0.160386; 
0; 0.158307; 
0; 0.154885; 
0; 0.150191; 
0; 0.145515; 
0; 0.142093; 
0; 0.136943; 
0; 0.12995; 
0; 0.1209; 
0; 0.103448; 
0; 0.100736; 
0; 0.0906774; 
0; 0.0572124; 
0; 0.0442719; 
0; -0.153477; 
0; -0.16081; 
0; -0.166867; 
0; -0.170194; 
0; -0.171313; 
0; -0.170539; 
0; -0.190022; 
0; -0.189042; 
0; -0.241556; 
0; -0.243436; 
0; -0.24363; 
0; -0.227676; 
0; -0.13773; 
0; 0.050006; 
0; 0.0551221; 
0; 0.0598072; 
0; 0.0667945; 
0; 0.0790511; 
0; 0.13093; 
0; 0.136523; 
0; 0.155227; 
0; 0.155678; 
0; 0.15468; 
0; 0.15224; 
0; 0.148467; 
0; 0.14342; 
0; 0.137123; 
0; 0.130856; 
0; 0.124544; 
0; 0.116237; 
0; 0.105719; 
0; 0.0968881; 
0; 0.0959038; 
0; 0.0595135; 
0; -0.138975; 
0; -0.148047; 
0; -0.15564; 
0; -0.160141; 
0; -0.162195; 
0; -0.162194; 
0; -0.160382; 
0; -0.179422; 
0; -0.177148; 
0; -0.173239; 
0; -0.228846; 
0; -0.159713; 
0; -0.13195; 
0; -0.132014; 
0; 0.0590299; 
0; 0.0628221; 
0; 0.111287; 
0; 0.120675; 
0; 0.127996; 
0; 0.147755; 
0; 0.149333; 
0; 0.149321; 
0; 0.147761; 
0; 0.144795; 
0; 0.14051; 
0; 0.134954; 
0; 0.128142; 
0; 0.120344; 
0; 0.112614; 
0; 0.102738; 
0; 0.0948765; 
0; 0.0940081; 
0; -0.103595; 
0; -0.13567; 
0; -0.144634; 
0; -0.15042; 
0; -0.153495; 
0; -0.154335; 
0; -0.153237; 
0; -0.150384; 
0; -0.14587; 
0; -0.164568; 
0; -0.159251; 
0; -0.13023; 
0; -0.103863; 
0; -0.103895; 
0; 0.0912586; 
0; 0.0996252; 
0; 0.107477; 
0; 0.130813; 
0; 0.134966; 
0; 0.137164; 
0; 0.137533; 
0; 0.136304; 
0; 0.133629; 
0; 0.129608; 
0; 0.124303; 
0; 0.11775; 
0; 0.109966; 
0; 0.100964; 
0; 0; 
0; 0; 
0; 0; 
0; -0.129018; 
0; -0.135667; 
0; -0.14089; 
0; -0.143483; 
0; -0.143884; 
0; -0.142359; 
0; -0.139071; 
0; -0.134102; 
0; -0.131112; 
0; -0.103189; 
0; -0.103385; 
0; -0.103427; 
0; 0.0896678; 
0; 0.0969599; 
0; 0.119301; 
0; 0.125177; 
0; 0.128792; 
0; 0.130379; 
0; 0.130225; 
0; 0.128527; 
0; 0.125422; 
0; 0.120999; 
0; 0.115318; 
0; 0.108417; 
0; 0.100325; 
0; 0; 
0; 0; 
0; 0; 
0; -0.103975; 
0; -0.133007; 
0; -0.138001; 
0; -0.14068; 
0; -0.141148; 
0; -0.139677; 
0; -0.161934; 
0; -0.159075; 
0; -0.132373; 
0; -0.10405; 
0; -0.104192; 
0; 0.0840054; 
0; 0.0918624; 
0; 0.0991776; 
0; 0.10433; 
0; 0.108397; 
0; 0.12701; 
0; 0.127539; 
0; 0.126639; 
0; 0.124266; 
0; 0.120537; 
0; 0.115527; 
0; 0.109288; 
0; 0.101858; 
0; 0; 
0; 0; 
0; 0; 
0; -0.10302; 
0; -0.129943; 
0; -0.134939; 
0; -0.137603; 
0; -0.138054; 
0; -0.162866; 
0; -0.161489; 
0; -0.134653; 
0; -0.104517; 
0; -0.129129; 
0; -0.129408; 
0; 0.0591029; 
0; 0.0617871; 
0; 0.10052; 
0; 0.105908; 
0; 0.110931; 
0; 0.130714; 
0; 0.131632; 
0; 0.131072; 
0; 0.129006; 
0; 0.125557; 
0; 0.120807; 
0; 0.114807; 
0; 0.10759; 
0; 0.0991831; 
0; 0; 
0; 0; 
0; 0; 
0; -0.104493; 
0; -0.134621; 
0; -0.139579; 
0; -0.142237; 
0; -0.167074; 
0; -0.167542; 
0; -0.166335; 
0; -0.224052; 
0; -0.158366; 
0; -0.130807; 
0; -0.13116; 
0; 0.0575707; 
0; 0.0608215; 
0; 0.0641517; 
0; 0.109423; 
0; 0.116001; 
0; 0.137189; 
0; 0.138942; 
0; 0.139102; 
0; 0.137684; 
0; 0.134836; 
0; 0.130653; 
0; 0.125191; 
0; 0.11848; 
0; 0.110533; 
0; 0.101361; 
0; 0; 
0; 0; 
0; 0; 
0; -0.129293; 
1.9984e-014; -0.136031; 
1.19904e-013; -0.14132; 
2.09832e-013; -0.143967; 
2.89768e-013; -0.144416; 
3.69704e-013; -0.142935; 
