Type_1;Type_2
0; 0; 
0; 0; 
0.00017352; 0.00017352; 
0.000669789; 0.000669789; 
0.00161568; 0.00161568; 
0.00311818; 0.00311818; 
0.00526663; 0.00524362; 
0.00812954; 0.00803972; 
0.0117599; 0.0115407; 
0.0161973; 0.0157693; 
0.021469; 0.0207377; 
0.0275786; 0.0264491; 
0.0345085; 0.0328983; 
0.0422248; 0.040072; 
0.0506852; 0.0479493; 
0.0598436; 0.0565027; 
0.0696527; 0.0656994; 
0.0800657; 0.075503; 
0.0910372; 0.0858754; 
0.102524; 0.0967778; 
0.114485; 0.108173; 
0.126883; 0.120024; 
0.139683; 0.132297; 
0.152852; 0.14496; 
0.16636; 0.157983; 
0.180181; 0.171339; 
0.194288; 0.185002; 
0.208659; 0.198948; 
0.223272; 0.213155; 
0.238107; 0.227604; 
0.253148; 0.242275; 
0.268376; 0.257151; 
0.283777; 0.272217; 
0.299337; 0.287459; 
0.315044; 0.302862; 
0.330884; 0.318414; 
0.346849; 0.334104; 
0.362927; 0.349921; 
0.379111; 0.365857; 
0.39539; 0.381901; 
0.411758; 0.398045; 
0.428208; 0.414283; 
0.444733; 0.430607; 
0.461327; 0.44701; 
0.477984; 0.463487; 
0.494701; 0.480032; 
0.511471; 0.496639; 
0.528291; 0.513306; 
0.545157; 0.530026; 
0.562066; 0.546796; 
0.579007; 0.563608; 
0.595972; 0.58045; 
0.612945; 0.597308; 
0.629906; 0.614167; 
0.646831; 0.63101; 
0.663695; 0.64782; 
0.680469; 0.66458; 
0.697125; 0.681271; 
0.713631; 0.697878; 
0.729953; 0.714381; 
0.746052; 0.730762; 
0.761893; 0.747001; 
0.777439; 0.763078; 
0.792656; 0.778967; 
0.807514; 0.79464; 
0.821988; 0.810069; 
0.83606; 0.825234; 
0.849714; 0.840117; 
0.862941; 0.854704; 
0.875727; 0.868984; 
0.888057; 0.882936; 
0.89992; 0.896541; 
0.911301; 0.909776; 
0.92219; 0.922617; 
0.932567; 0.935043; 
0.942405; 0.947028; 
0.951677; 0.958552; 
0.960349; 0.969596; 
0.968392; 0.980142; 
0.975779; 0.990176; 
0.982491; 0.999687; 
0.988519; 1.00867; 
0.99386; 1.0171; 
0.998515; 1.025; 
1.00249; 1.03229; 
1.00579; 1.03894; 
1.00842; 1.04491; 
1.01043; 1.05016; 
1.01186; 1.05467; 
1.01275; 1.05843; 
1.01315; 1.06142; 
1.0131; 1.06365; 
1.01265; 1.06512; 
1.01184; 1.06584; 
1.01071; 1.06582; 
1.00933; 1.06509; 
1.00771; 1.06369; 
1.0059; 1.06169; 
1.00396; 1.0592; 
1.0019; 1.05629; 
0.999788; 1.05304; 
0.99764; 1.04951; 
0.995489; 1.04577; 
0.993359; 1.04187; 
0.991275; 1.03786; 
0.989257; 1.03379; 
0.987322; 1.0297; 
0.985487; 1.02563; 
0.983764; 1.02162; 
0.982165; 1.0177; 
0.980701; 1.0139; 
0.979377; 1.01025; 
0.978202; 1.00678; 
0.977178; 1.00352; 
0.976309; 1.00049; 
0.975598; 0.997717; 
0.975043; 0.995241; 
0.974643; 0.993076; 
0.974397; 0.991238; 
0.974298; 0.989738; 
0.974341; 0.988584; 
0.974518; 0.987781; 
0.974822; 0.987328; 
0.975243; 0.987223; 
0.975773; 0.98746; 
0.976403; 0.98803; 
0.977125; 0.988916; 
0.977928; 0.990098; 
0.978798; 0.991552; 
0.979723; 0.993247; 
0.980691; 0.995155; 
0.981692; 0.997247; 
0.982714; 0.999491; 
0.983749; 1.00186; 
0.984788; 1.00433; 
0.985821; 1.00686; 
0.986843; 1.00939; 
0.987847; 1.01186; 
0.988825; 1.01422; 
0.989774; 1.01641; 
0.990687; 1.0184; 
0.991563; 1.02012; 
0.992395; 1.02155; 
0.993183; 1.02264; 
0.993924; 1.02338; 
0.994615; 1.02373; 
0.995256; 1.02369; 
0.995845; 1.02324; 
0.996383; 1.02241; 
0.996869; 1.02126; 
0.997304; 1.01985; 
0.997688; 1.01822; 
0.99803; 1.01644; 
0.998333; 1.01455; 
0.998603; 1.01257; 
0.998845; 1.01057; 
0.999061; 1.00857; 
0.999255; 1.0066; 
0.999431; 1.0047; 
0.999589; 1.00291; 
0.999732; 1.00125; 
0.999862; 0.999773; 
0.999979; 0.998485; 
1.00009; 0.997411; 
1.00018; 0.996563; 
1.00027; 0.995952; 
1.00035; 0.995585; 
1.00043; 0.995465; 
1.00049; 0.995592; 
1.00055; 0.995965; 
1.00061; 0.996574; 
1.00066; 0.997409; 
1.0007; 0.998458; 
1.00074; 0.999703; 
1.00078; 1.00112; 
1.00081; 1.00269; 
1.00084; 1.00438; 
1.00087; 1.00614; 
1.0009; 1.0079; 
1.00092; 1.00961; 
1.00094; 1.01122; 
1.00096; 1.01271; 
1.00098; 1.01403; 
1.00099; 1.01514; 
1.00101; 1.016; 
1.00102; 1.01658; 
1.00103; 1.01687; 
1.00104; 1.01682; 
1.00105; 1.01645; 
1.00106; 1.01575; 
1.00106; 1.01479; 
1.00107; 1.01362; 
1.00108; 1.01228; 
1.00108; 1.01083; 
1.00109; 1.00929; 
1.00109; 1.00772; 
1.0011; 1.00614; 
1.0011; 1.0046; 
1.0011; 1.00314; 
1.0011; 1.00179; 
1.00111; 1.00058; 
1.00111; 0.999542; 
1.00111; 0.998687; 
1.00111; 0.998032; 
1.00111; 0.997585; 
1.00112; 0.997355; 
1.00112; 0.997345; 
1.00112; 0.997554; 
1.00112; 0.99798; 
1.00112; 0.998614; 
1.00112; 0.999448; 
1.00112; 1.00047; 
1.00112; 1.00166; 
1.00112; 1.00301; 
1.00112; 1.00444; 
1.00112; 1.0059; 
1.00112; 1.00734; 
1.00112; 1.00872; 
1.00112; 1.00999; 
1.00112; 1.01113; 
1.00112; 1.01211; 
1.00112; 1.01289; 
1.00112; 1.01344; 
1.00112; 1.01374; 
1.00112; 1.01376; 
1.00112; 1.01348; 
1.00112; 1.01292; 
1.00112; 1.01209; 
1.00112; 1.01104; 
1.00112; 1.00981; 
1.00112; 1.00847; 
1.00112; 1.00704; 
1.00112; 1.00557; 
1.00112; 1.00412; 
1.00112; 1.00272; 
1.00112; 1.00142; 
1.00112; 1.00024; 
1.00112; 0.999205; 
1.00112; 0.998342; 
1.00112; 0.997664; 
1.00112; 0.997185; 
1.00112; 0.996913; 
1.00112; 0.996853; 
1.00112; 0.997008; 
1.00112; 0.997377; 
1.00112; 0.997953; 
1.00112; 0.998729; 
1.00112; 0.999697; 
1.00112; 1.00084; 
1.00112; 1.00214; 
1.00112; 1.00357; 
1.00112; 1.00508; 
1.00112; 1.00661; 
1.00112; 1.0081; 
1.00112; 1.00951; 
1.00112; 1.01081; 
1.00112; 1.01196; 
1.00112; 1.01293; 
1.00112; 1.01368; 
1.00112; 1.01419; 
1.00112; 1.01442; 
1.00112; 1.01435; 
1.00112; 1.01398; 
1.00112; 1.01331; 
1.00112; 1.0124; 
1.00112; 1.0113; 
1.00112; 1.01005; 
1.00112; 1.00871; 
1.00112; 1.0073; 
1.00112; 1.00587; 
1.00112; 1.00445; 
1.00112; 1.00309; 
1.00112; 1.00183; 
1.00112; 1.0007; 
1.00112; 0.999711; 
1.00112; 0.998897; 
1.00112; 0.998268; 
1.00112; 0.997837; 
1.00112; 0.99761; 
1.00112; 0.997593; 
1.00112; 0.997786; 
1.00112; 0.998187; 
1.00112; 0.99879; 
1.00112; 0.999587; 
1.00112; 1.00057; 
1.00112; 1.00171; 
1.00112; 1.00301; 
1.00112; 1.00439; 
1.00112; 1.0058; 
1.00112; 1.00719; 
1.00112; 1.00852; 
1.00112; 1.00974; 
1.00112; 1.01083; 
1.00112; 1.01176; 
1.00112; 1.0125; 
1.00112; 1.01301; 
1.00112; 1.01328; 
1.00112; 1.01326; 
1.00112; 1.01296; 
1.00112; 1.01238; 
1.00112; 1.01157; 
1.00112; 1.01059; 
1.00112; 1.00947; 
1.00112; 1.00826; 
1.00112; 1.00699; 
1.00112; 1.0057; 
1.00112; 1.00445; 
1.00112; 1.00326; 
1.00112; 1.00217; 
1.00112; 1.0012; 
1.00112; 1.00039; 
1.00112; 0.999738; 
1.00112; 0.99927; 
1.00112; 0.998992; 
1.00112; 0.998908; 
1.00112; 0.999022; 
1.00112; 0.999331; 
1.00112; 0.999833; 
1.00112; 1.00052; 
1.00112; 1.00139; 
1.00112; 1.00241; 
1.00112; 1.00355; 
1.00112; 1.00473; 
1.00112; 1.00591; 
1.00112; 1.00704; 
1.00112; 1.0081; 
1.00112; 1.00904; 
1.00112; 1.00985; 
1.00112; 1.01049; 
1.00112; 1.01095; 
1.00112; 1.0112; 
1.00112; 1.01122; 
1.00112; 1.01101; 
1.00112; 1.01056; 
1.00112; 1.00989; 
1.00112; 1.00904; 
1.00112; 1.00805; 
1.00112; 1.00698; 
1.00112; 1.00587; 
1.00112; 1.00475; 
1.00112; 1.00368; 
1.00112; 1.00268; 
1.00112; 1.00179; 
1.00112; 1.00102; 
1.00112; 1.0004; 
1.00112; 0.999949; 
1.00112; 0.999667; 
1.00112; 0.999567; 
1.00112; 0.999652; 
1.00112; 0.999921; 
1.00112; 1.00037; 
1.00112; 1.001; 
1.00112; 1.00179; 
1.00112; 1.00271; 
1.00112; 1.00369; 
1.00112; 1.00469; 
1.00112; 1.00566; 
1.00112; 1.00658; 
1.00112; 1.0074; 
1.00112; 1.0081; 
1.00112; 1.00866; 
1.00112; 1.00906; 
1.00112; 1.00928; 
1.00112; 1.00932; 
1.00112; 1.00916; 
1.00112; 1.0088; 
1.00112; 1.00827; 
1.00112; 1.00759; 
1.00112; 1.00683; 
1.00112; 1.00601; 
1.00112; 1.00518; 
1.00112; 1.00439; 
1.00112; 1.00365; 
1.00112; 1.003; 
1.00112; 1.00246; 
1.00112; 1.00205; 
1.00112; 1.00178; 
1.00112; 1.00167; 
1.00112; 1.00172; 
1.00112; 1.00192; 
1.00112; 1.00229; 
1.00112; 1.0028; 
1.00112; 1.00343; 
1.00112; 1.00415; 
1.00112; 1.00493; 
1.00112; 1.00571; 
1.00112; 1.00646; 
1.00112; 1.00715; 
1.00112; 1.00775; 
1.00112; 1.00823; 
1.00112; 1.00858; 
1.00112; 1.00878; 
1.00112; 1.00883; 
1.00112; 1.00871; 
1.00112; 1.00843; 
1.00112; 1.00799; 
1.00112; 1.00744; 
1.00112; 1.0068; 
1.00112; 1.00614; 
1.00112; 1.00548; 
1.00112; 1.00485; 
1.00112; 1.00429; 
1.00112; 1.00381; 
1.00112; 1.00345; 
1.00112; 1.00321; 
1.00112; 1.0031; 
1.00112; 1.00315; 
1.00112; 1.00334; 
1.00112; 1.00368; 
1.00112; 1.00415; 
1.00112; 1.00473; 
1.00112; 1.00539; 
1.00112; 1.00611; 
1.00112; 1.00684; 
1.00112; 1.00754; 
1.00112; 1.00818; 
1.00112; 1.00873; 
1.00112; 1.00918; 
1.00112; 1.00948; 
1.00112; 1.00963; 
1.00112; 1.00962; 
1.00112; 1.00944; 
1.00112; 1.00909; 
1.00112; 1.00862; 
1.00112; 1.00807; 
1.00112; 1.00748; 
1.00112; 1.00687; 
1.00112; 1.00629; 
1.00112; 1.00575; 
1.00112; 1.00528; 
1.00112; 1.00491; 
1.00112; 1.00466; 
1.00112; 1.00453; 
1.00112; 1.00454; 
1.00112; 1.00469; 
1.00112; 1.00498; 
1.00112; 1.0054; 
1.00112; 1.00593; 
1.00112; 1.00654; 
1.00112; 1.0072; 
1.00112; 1.00787; 
1.00112; 1.00851; 
1.00112; 1.0091; 
1.00112; 1.0096; 
1.00112; 1.00998; 
1.00112; 1.01023; 
1.00112; 1.01032; 
1.00112; 1.01026; 
1.00112; 1.01004; 
1.00112; 1.00965; 
1.00112; 1.00912; 
1.00112; 1.00851; 
1.00112; 1.00783; 
1.00112; 1.00714; 
1.00112; 1.00646; 
1.00112; 1.00582; 
1.00112; 1.00526; 
1.00112; 1.00479; 
1.00112; 1.00443; 
1.00112; 1.00421; 
1.00112; 1.00412; 
1.00112; 1.00419; 
1.00112; 1.0044; 
1.00112; 1.00477; 
1.00112; 1.00527; 
1.00112; 1.00587; 
1.00112; 1.00657; 
1.00112; 1.00732; 
1.00112; 1.00808; 
1.00112; 1.00881; 
1.00112; 1.00948; 
1.00112; 1.01005; 
1.00112; 1.0105; 
1.00112; 1.0108; 
1.00112; 1.01092; 
1.00112; 1.01085; 
1.00112; 1.01058; 
1.00112; 1.01012; 
1.00112; 1.0095; 
1.00112; 1.00877; 
1.00112; 1.00795; 
1.00112; 1.00709; 
1.00112; 1.00623; 
1.00112; 1.0054; 
1.00112; 1.00464; 
1.00112; 1.00397; 
1.00112; 1.00341; 
1.00112; 1.00299; 
1.00112; 1.00271; 
1.00112; 1.00259; 
1.00112; 1.00263; 
1.00112; 1.00284; 
1.00112; 1.00321; 
1.00112; 1.00372; 
1.00112; 1.00436; 
1.00112; 1.00509; 
1.00112; 1.00587; 
1.00112; 1.00666; 
1.00112; 1.00743; 
1.00112; 1.00813; 
