P;PID;FLC;FLC3
1;39.18;0;0
1;1.18;3.8;1.70131
1;1.18;3.8;1.70131
0.999769;0.82485;3.8;1.70131
0.999107;0.498022;3.8;1.70131
0.997846;0.198232;3.8;1.70131
0.995842;-0.0738826;3.8;1.70131
0.992978;-0.318059;3.8;1.70131
0.989155;-0.534368;3.8;1.70131
0.984294;-0.723179;3.8;1.70131
0.978334;-0.885125;3.8;1.70131
0.971226;-1.02108;3.8;1.70131
0.962938;-1.1321;3.8;1.70131
0.953447;-1.21943;3.19503;1.70131
0.942743;-1.28445;1.31833;1.70131
0.930825;-1.32864;-0.473402;1.70131
0.917698;-1.35356;-1.28181;1.70131
0.903378;-1.36086;-1.71078;0.103523
0.887886;-1.35217;-2.74774;-0.379117
0.871249;-1.32919;-3.8;-0.497365
0.853499;-1.29356;-3.8;-0.549937
0.834674;-1.24694;-3.8;-0.639439
0.814815;-1.19092;-3.8;-0.763978
0.793967;-1.12705;-3.50904;-0.851828
0.772177;-1.05681;-2.53834;-0.90673
0.749496;-0.981597;-1.7128;-0.897555
0.725978;-0.90274;-1.3438;-0.863188
0.701675;-0.821468;-1.11601;-0.80553
0.676646;-0.738918;-0.824902;-0.726002
0.650946;-0.656128;-0.650683;-0.63324
0.624636;-0.574037;-0.633333;-0.5305
0.597774;-0.493486;-0.586569;-0.448283
0.57042;-0.415213;-0.457092;-0.397783
0.542634;-0.339861;-0.296592;-0.279516
0.514476;-0.267975;-0.247049;-0.120504
0.486007;-0.200011;-0.190833;0.015525
0.457285;-0.136336;-0.130942;0.0639146
0.42837;-0.0772316;-0.0698877;0.101622
0.39932;-0.0229046;-0.0102203;0.14144
0.370193;0.0265131;0.0714212;0.185306
0.341046;0.0709562;0.174502;0.226407
0.311935;0.11042;0.228974;0.263762
0.282914;0.144957;0.279279;0.296778
0.254037;0.174666;0.324049;0.325076
0.225355;0.199692;0.362818;0.335183
0.196919;0.220216;0.395518;0.334455
0.168778;0.23645;0.422368;0.329317
0.140979;0.248634;0.443758;0.320542
0.113568;0.257028;0.46017;0.308679
0.0865892;0.261909;0.472111;0.294304
0.0600841;0.263565;0.480077;0.278367
0.0340931;0.262291;0.484526;0.26072
0.00865462;0.258386;0.485868;0.24238
-0.0161949;0.252148;0.47669;0.223213
-0.0404211;0.243872;0.462444;0.203784
-0.0639915;0.233846;0.44378;0.184427
-0.0868757;0.22235;0.420241;0.165095
-0.109045;0.20965;0.391255;0.14617
-0.130474;0.196003;0.356127;0.127881
-0.151137;0.181649;0.314046;0.110356
-0.171012;0.166813;0.264115;0.0935033
-0.19008;0.151701;0.215991;0.0784583
-0.208322;0.136506;0.177515;0.0642418
-0.225722;0.121399;0.144461;0.0507018
-0.242266;0.106536;0.115986;0.0377306
-0.257942;0.0920547;0.0913198;0.0256442
-0.272739;0.0780733;0.0698208;0.014297
-0.28665;0.0646946;0.0509639;0.00352105
-0.299668;0.0520045;0.0343232;-0.00633894
-0.311789;0.0400726;0.0195539;-0.0157523
-0.323011;0.0289535;0.00637741;-0.0246082
-0.333332;0.0186877;-0.005527;-0.0326021
-0.342754;0.00930225;-0.016916;-0.0400158
-0.35128;0.000811891;-0.0279105;-0.0467976
-0.358915;-0.00677981;-0.0385017;-0.0526511
-0.365663;-0.0134795;-0.0486732;-0.0578304
-0.371534;-0.0193029;-0.0583997;-0.0622453
-0.376537;-0.0242738;-0.0676481;-0.0654475
-0.380681;-0.0284231;-0.0763773;-0.0680066
-0.38398;-0.0317874;-0.0845392;-0.0700746
-0.386447;-0.0344084;-0.0920792;-0.0709078
-0.388098;-0.0363321;-0.0989373;-0.0710971
-0.388947;-0.0376071;-0.10505;-0.070674
-0.389012;-0.0382848;-0.11035;-0.0697038
-0.388313;-0.0384178;-0.114773;-0.0680329
-0.386867;-0.0380596;-0.118253;-0.0659095
-0.384697;-0.0372637;-0.120732;-0.0633822
-0.381823;-0.0360833;-0.12216;-0.0607309
-0.378267;-0.0345703;-0.123602;-0.0575624
-0.374053;-0.0327755;-0.124272;-0.0541771
-0.369205;-0.0307474;-0.123811;-0.0506207
-0.363747;-0.0285325;-0.122324;-0.0471481
-0.357705;-0.0261746;-0.119903;-0.0437856
-0.351103;-0.023715;-0.116627;-0.0403665
-0.343969;-0.0211917;-0.112573;-0.0369245
-0.336328;-0.0186399;-0.107807;-0.0316157
-0.328208;-0.0160915;-0.100176;-0.0266139
-0.319637;-0.0135752;-0.0869038;-0.0222273
-0.310641;-0.0111165;-0.0728347;-0.0181788
-0.301249;-0.00873782;-0.0580818;-0.0144692
-0.291488;-0.00645843;-0.0428605;-0.0110933
-0.281386;-0.00429456;-0.033709;-0.00804262
-0.270971;-0.00225958;-0.0252519;-0.00816949
-0.26027;-0.000364091;-0.0174903;-0.00834771
-0.249313;0.00138389;-0.0103856;-0.0083928
-0.238126;0.00297877;-0.00389961;-0.00713119
-0.226736;0.00441724;0.00201747;-0.00526011
-0.215172;0.00569803;0.00753734;-0.00350593
-0.203459;0.00682175;0.0126941;-0.00186563
-0.191624;0.00779071;0.0174762;-0.000340199
-0.179693;0.0086087;0.021873;0.00107278
-0.167693;0.00928082;0.0258742;0.00237879
-0.155647;0.0098133;0.0294704;0.00357736
-0.143582;0.0102133;0.0326534;0.00466848
-0.13152;0.0104887;0.0354166;0.00565283
-0.119486;0.0106482;0.0377555;0.0065317
-0.107503;0.0107006;0.0396678;0.00730696
-0.0955926;0.0106553;0.041154;0.00798104
-0.0837768;0.0105218;0.0422176;0.00855682
-0.0720765;0.0103096;0.0461963;0.00903765
-0.060512;0.0100282;0.0503992;0.00942726
-0.0491027;0.00968684;0.0538952;0.00973666
-0.0378673;0.00929468;0.0566792;0.0103751
-0.0268238;0.00886045;0.0587434;0.0109973
-0.0159893;0.00839252;0.0600859;0.0115895
-0.00538019;0.00789883;0.06071;0.0121411
0.00498816;0.00738684;0.0606244;0.0126595
0.0151011;0.00686348;0.0598425;0.0131188
0.0249447;0.00633512;0.0517293;0.0135142
0.0345062;0.00580761;0.0419358;0.0138432
0.0437734;0.0052862;0.0316286;0.0141174
0.0527351;0.00477558;0.0210513;0.0143255
0.0613809;0.00427986;0.0147544;0.0129756
0.0697015;0.00380261;0.0110358;0.0114541
0.077688;0.00334684;0.00752394;0.00994746
0.0853329;0.00291504;0.00424663;0.0084974
0.0926292;0.00250922;0.00120555;0.00714116
0.0995707;0.0021309;-0.0016076;0.00591678
0.106152;0.00178116;-0.00422582;0.00495764
0.11237;0.00146067;-0.00664604;0.00436579
0.118219;0.00116972;-0.0088623;0.0037891
0.123698;0.000908266;-0.01087;0.00323222
0.128804;0.000675941;-0.0126657;0.0026971
0.133537;0.000472106;-0.0142476;0.00218542
0.137895;0.000295879;-0.0156149;0.00169857
0.141879;0.000146171;-0.0167686;0.00123767
0.145491;2.17142e-005;-0.0177108;0.000803607
0.148731;-7.89034e-005;-0.0184453;0.000397017
0.151602;-0.00015721;-0.0189772;1.83256e-005
0.154108;-0.000214823;-0.020006;-0.000332496
0.156253;-0.000253419;-0.0210828;-0.00065564
0.158039;-0.000274714;-0.0219178;-0.000951129
0.159473;-0.000280437;-0.0225141;-0.00121916
0.16056;-0.000272315;-0.0228747;-0.00146007
0.161306;-0.000252049;-0.0230042;-0.00167435
0.161718;-0.000221299;-0.0229089;-0.00186263
0.161803;-0.000181674;-0.022597;-0.00202564
0.161568;-0.000134714;-0.022078;-0.00216421
0.161022;-8.18838e-005;-0.0205208;-0.00227929
0.160172;-2.45639e-005;-0.0179165;-0.00237186
0.159028;3.59582e-005;-0.0152022;-0.00244303
0.1576;9.84911e-005;-0.012417;-0.0024939
0.155895;0.000161944;-0.00961407;-0.00252566
0.153925;0.000225327;-0.00752827;-0.00253952
0.1517;0.000287755;-0.0060957;-0.00253671
0.149229;0.000348444;-0.004713;-0.00251847
0.146525;0.000406711;-0.00339333;-0.00234485
0.143596;0.000461971;-0.00214262;-0.00216662
0.140455;0.000513735;-0.000965759;-0.00198771
0.137113;0.000561604;0.000133478;-0.00181014
0.133581;0.000605266;0.00115621;-0.00163565
0.129871;0.00064449;0.00210179;-0.00146572
0.125993;0.000679119;0.00296748;-0.0013016
0.12196;0.000709069;0.00375128;-0.00114433
0.117784;0.000734315;0.00445195;-0.000994729
0.113475;0.000754895;0.00506894;-0.00095725
0.109045;0.000770895;0.00560237;-0.0010014
0.104506;0.000782448;0.006053;-0.001038
0.09987;0.000789724;0.00642223;-0.00106758
0.0951475;0.00079293;0.006712;-0.00109059
0.0903502;0.000792299;0.00692482;-0.00110748
0.0854892;0.000788086;0.00706368;-0.00111863
0.0805755;0.000780565;0.00713203;-0.00112439
0.0756202;0.000770021;0.00774127;-0.00112509
0.0706338;0.000756748;0.0084386;-0.00105474
0.0656269;0.000741044;0.00901909;-0.000973063
0.0606098;0.000723207;0.00947978;-0.000891532
0.0555926;0.000703534;0.00981692;-0.000810565
0.0505852;0.000682312;0.010028;-0.000730617
0.0455971;0.000659823;0.0101118;-0.000652105
0.0406378;0.000636335;0.0100684;-0.000575404
0.0357161;0.000612105;0.00980627;-0.000500852
0.030841;0.000587376;0.00806538;-0.000428746
0.0260209;0.000562372;0.00626277;-0.000359349
0.0212638;0.000537303;0.00441619;-0.000292885
0.0165778;0.000512362;0.00267454;-0.000229545
0.0119702;0.00048772;0.00205175;-0.000169486
0.00744832;0.000463535;0.00144591;-0.000112833
0.00301895;0.000439942;0.000870721;-5.96818e-005
-0.0013114;0.000417062;0.000328779;-1.00978e-005
-0.00553657;0.000394996;-0.000177848;3.58816e-005
-0.00965077;0.000373829;-0.000648476;7.8247e-005
-0.0136486;0.00035363;-0.00108183;0.000117005
-0.0175248;0.000334451;-0.00147673;0.000152184
-0.0212748;0.000316331;-0.00183236;0.000183832
-0.0248943;0.000299295;-0.0021483;0.000212016
-0.0283791;0.000283355;-0.00242447;0.000236817
-0.0317256;0.000268511;-0.00266112;0.000258333
-0.0349306;0.000254754;-0.00285882;0.000276675
-0.037991;0.000242065;-0.00301844;0.000291963
-0.0409044;0.000230416;-0.00314111;0.00030433
-0.0436685;0.000219772;-0.00322818;0.000313915
-0.0462814;0.000210092;-0.00344558;0.000320865
-0.0487415;0.000201331;-0.00364283;0.000325331
-0.0510477;0.000193439;-0.00379888;0.000327469
-0.053199;0.000186361;-0.00391346;0.000327438
-0.0551949;0.000180043;-0.00398651;0.000325399
-0.0570352;0.000174427;-0.00401838;0.000321512
-0.05872;0.000169455;-0.0040098;0.000315938
-0.0602496;0.000165068;-0.00396185;0.000308836
-0.0616247;0.00016121;-0.00387598;0.000301696
-0.0628462;0.000157823;-0.00356619;0.000304848
-0.0639155;0.000154852;-0.00309893;0.000308192
-0.0648339;0.000152244;-0.00261479;0.000311417
-0.0656034;0.000149949;-0.0021217;0.000314229
-0.0662258;0.000147918;-0.0016294;0.000316412
-0.0667035;0.000146106;-0.0012869;0.000317813
-0.067039;0.000144471;-0.00104275;0.000318338
-0.0672349;0.000142973;-0.000805643;0.000317942
-0.0672942;0.000141577;-0.000577974;0.000288221
-0.0672201;0.000140252;-0.00036105;0.000239258
-0.0670157;0.000138966;-0.000155993;0.000193675
-0.0666847;0.000137696;3.62588e-005;0.000152535
-0.0662306;0.000136419;0.000215074;0.000117397
-0.0656572;0.000135114;0.000379886;9.55753e-005
-0.0649686;0.000133766;0.000530219;7.89707e-005
-0.0641688;0.000132362;0.000665749;6.30784e-005
-0.063262;0.000130891;0.0007863;4.79717e-005
-0.0622525;0.000129344;0.000891838;3.36853e-005
-0.0611447;0.000127717;0.000982459;2.02461e-005
-0.0599431;0.000126005;0.00105838;7.67413e-006
-0.0586524;0.000124207;0.00111993;-4.01758e-006
-0.0572771;0.000122324;0.00116753;-1.48227e-005
-0.055822;0.000120357;0.00120172;-2.47405e-005
-0.0542918;0.000118309;0.0012231;-3.37754e-005
-0.0526913;0.000116185;0.00123235;-4.19373e-005
-0.0510252;0.000113991;0.00134574;-4.92404e-005
-0.0492985;0.000111733;0.00146599;-5.57033e-005
-0.047516;0.000109418;0.00156616;-6.13483e-005
-0.0456824;0.000107054;0.00164555;-6.6201e-005
-0.0438026;0.000104649;0.00170345;-7.02902e-005
-0.0418814;0.00010221;0.00173935;-7.36471e-005
-0.0399234;9.97463e-005;0.00175299;-7.63051e-005
-0.0379335;9.72663e-005;0.00174433;-7.82994e-005
-0.0359163;9.4778e-005;0.00167809;-7.96669e-005
-0.0338764;9.22895e-005;0.00137169;-8.04452e-005
-0.0318183;8.98083e-005;0.00105569;-7.60744e-005
-0.0297466;8.73419e-005;0.000733741;-7.14219e-005
-0.0276655;8.48972e-005;0.00045074;-6.65931e-005
-0.0255795;8.24807e-005;0.000343572;-6.16619e-005
-0.0234926;8.00984e-005;0.00023925;-5.66941e-005
-0.0214091;7.77558e-005;0.000140019;-5.17475e-005
-0.019333;7.54578e-005;4.63808e-005;-4.68726e-005
-0.017268;7.32087e-005;-4.12404e-005;-4.21126e-005
-0.0152182;7.10124e-005;-0.00012253;-3.75038e-005
-0.013187;6.88721e-005;-0.000197217;-3.32057e-005
-0.011178;6.67904e-005;-0.000265101;-3.49709e-005
-0.00919473;6.47697e-005;-0.000326052;-3.64917e-005
-0.00724038;6.28115e-005;-0.000380012;-3.77826e-005
-0.00531813;6.0917e-005;-0.000426983;-3.88567e-005
-0.00343099;5.90869e-005;-0.000467032;-3.9726e-005
-0.00158182;5.73215e-005;-0.000500278;-4.04012e-005
0.00022664;5.56206e-005;-0.000526892;-4.0892e-005
0.00199181;5.39838e-005;-0.000547094;-4.12076e-005
0.00371124;5.24101e-005;-0.000562537;-4.13565e-005
0.00538265;5.08985e-005;-0.000603335;-4.11844e-005
0.00700389;4.94475e-005;-0.000636862;-3.85502e-005
0.00857298;4.80554e-005;-0.000663262;-3.58894e-005
0.0100881;4.67205e-005;-0.000682448;-3.32053e-005
0.0115474;4.54408e-005;-0.000694404;-3.05161e-005
0.0129496;4.4214e-005;-0.000699185;-2.78388e-005
0.0142931;4.30379e-005;-0.000696916;-2.51887e-005
0.0155767;4.19102e-005;-0.000687785;-2.25802e-005
0.0167993;4.08286e-005;-0.000672044;-2.00261e-005
0.01796;3.97906e-005;-0.000608584;-1.75381e-005
0.0190579;3.87937e-005;-0.000526404;-1.51265e-005
0.0200924;3.78357e-005;-0.00044149;-1.28005e-005
0.021063;3.69142e-005;-0.000355381;-1.05679e-005
0.0219692;3.60268e-005;-0.000269767;-8.43566e-006
0.0228109;3.51714e-005;-0.000216798;-6.4093e-006
0.0235878;3.43458e-005;-0.0001746;-4.49346e-006
0.0243;3.3548e-005;-0.000133678;-2.6917e-006
0.0249476;3.27759e-005;-9.43892e-005;-1.00665e-006
0.025531;3.20278e-005;-5.69647e-005;5.59994e-007
0.0260504;3.13019e-005;-2.16031e-005;2.00738e-006
0.0265063;3.05965e-005;1.15286e-005;3.33546e-006
0.0268994;2.99102e-005;4.22988e-005;4.54489e-006
0.0272305;2.92416e-005;7.0601e-005;5.63702e-006
0.0275002;2.85894e-005;9.63565e-005;6.61384e-006
0.0277095;2.79524e-005;0.000119514;7.47786e-006
0.0278595;2.73297e-005;0.000140048;8.23212e-006
0.0279513;2.67202e-005;0.000157958;8.88012e-006
0.027986;2.61231e-005;0.000173267;9.42571e-006
0.027965;2.55377e-005;0.000186017;9.87313e-006
0.0278896;2.49633e-005;0.000196273;1.02269e-005
0.0277612;2.43994e-005;0.000204113;1.04917e-005
0.0275814;2.38456e-005;0.000209634;1.06726e-005
0.0273517;2.33014e-005;0.000212945;1.07746e-005
0.0270738;2.27665e-005;0.000214169;1.08029e-005
0.0267493;2.22406e-005;0.00023763;1.07628e-005
0.02638;2.17235e-005;0.000257979;1.06596e-005
0.0259677;2.12151e-005;0.000274849;1.04986e-005
0.0255141;2.07152e-005;0.000288085;1.0285e-005
0.0250212;2.02239e-005;0.000297565;1.00241e-005
0.0244909;1.97409e-005;0.000303205;9.72095e-006
0.0239251;1.92663e-005;0.000304963;9.75398e-006
0.0233258;1.88001e-005;0.000302839;9.82492e-006
0.0226948;1.83424e-005;0.000283134;9.89551e-006
0.0220343;1.78931e-005;0.000229455;9.95648e-006
0.0213461;1.74522e-005;0.000174205;1.00007e-005
0.0206324;1.70199e-005;0.000118222;1.00231e-005
0.0198951;1.65961e-005;7.52324e-005;1.00205e-005
0.0191362;1.61809e-005;5.66794e-005;9.9913e-006
0.0183577;1.57744e-005;3.86878e-005;9.13542e-006
0.0175616;1.53765e-005;2.15882e-005;7.53827e-006
0.0167499;1.49872e-005;5.46781e-006;6.06042e-006
0.0159246;1.46066e-005;-9.59965e-006;4.73227e-006
0.0150876;1.42347e-005;-2.35554e-005;3.60601e-006
0.0142408;1.38715e-005;-3.63535e-005;2.93571e-006
0.0133861;1.35169e-005;-4.79609e-005;2.40109e-006
0.0125253;1.31708e-005;-5.83575e-005;1.89047e-006
0.0116604;1.28333e-005;-6.75349e-005;1.4059e-006
0.0107931;1.25042e-005;-7.5496e-005;9.48446e-007
0.00992518;1.21835e-005;-8.22542e-005;5.18902e-007
0.00905832;1.1871e-005;-8.78325e-005;1.17849e-007
0.00819422;1.15667e-005;-9.22624e-005;-2.54357e-007
0.00733451;1.12704e-005;-9.55836e-005;-5.97561e-007
0.00648077;1.0982e-005;-9.90556e-005;-9.11798e-007
0.00563454;1.07014e-005;-0.000105943;-1.19728e-006
0.0047973;1.04285e-005;-0.000111572;-1.45437e-006
0.00397048;1.01629e-005;-0.000115958;-1.68359e-006
0.00315546;9.90468e-006;-0.000119088;-1.88559e-006
0.00235355;9.65356e-006;-0.000120961;-2.06114e-006
0.00156603;9.40938e-006;-0.000121589;-2.21111e-006
0.000794089;9.17196e-006;-0.000120995;-2.33648e-006
3.88798e-005;8.94112e-006;-0.000119213;-2.43829e-006
-0.000698512;8.71668e-006;-0.000116288;-2.51764e-006
-0.00141706;8.49845e-006;-0.000103439;-2.57572e-006
-0.0021158;8.28625e-006;-8.90425e-005;-2.61373e-006
-0.00279384;8.07989e-006;-7.41981e-005;-2.54231e-006
-0.00345033;7.87919e-006;-5.92021e-005;-2.39731e-006
-0.00408449;7.68396e-006;-4.43442e-005;-2.24535e-006
-0.0046956;7.49404e-006;-3.6395e-005;-2.08856e-006
-0.00528302;7.30923e-006;-2.90866e-005;-1.92924e-006
-0.00584616;7.12938e-006;-2.20188e-005;-1.7694e-006
-0.00638447;6.95431e-006;-1.52412e-005;-1.61084e-006
-0.0068975;6.78387e-006;-8.7932e-006;-1.45509e-006
-0.00738484;6.61789e-006;-2.70866e-006;-1.30347e-006
-0.00784614;6.45623e-006;2.98409e-006;-1.15707e-006
-0.0082811;6.29874e-006;8.26216e-006;-1.12887e-006
-0.00868951;6.14527e-006;1.31077e-005;-1.18291e-006
-0.00907118;5.9957e-006;1.7508e-005;-1.22924e-006
-0.009426;5.84988e-006;2.14547e-005;-1.2683e-006
-0.00975392;5.70771e-006;2.49445e-005;-1.3005e-006
-0.0100549;5.56906e-006;2.7978e-005;-1.32618e-006
-0.0103291;5.43381e-006;3.05598e-005;-1.34568e-006
-0.0105764;5.30187e-006;3.26981e-005;-1.35929e-006
-0.0107972;5.17313e-006;3.44045e-005;-1.3673e-006
-0.0109915;5.04748e-006;3.56935e-005;-1.36997e-006
-0.0111596;4.92485e-006;3.65824e-005;-1.32793e-006
-0.0113019;4.80515e-006;3.70908e-005;-1.24123e-006
-0.0114186;4.68828e-006;3.79625e-005;-1.15361e-006
-0.0115101;4.57418e-006;4.20055e-005;-1.06539e-006
-0.0115769;4.46276e-006;4.54359e-005;-9.77171e-007
-0.0116193;4.35397e-006;4.82567e-005;-8.89481e-007
-0.011638;4.24773e-006;5.04412e-005;-8.02823e-007
-0.0116333;4.14397e-006;5.19692e-005;-7.17651e-007
-0.011606;4.04265e-006;5.28276e-005;-6.34377e-007
-0.0115565;3.94369e-006;5.30101e-005;-5.5337e-007
-0.0114855;3.84705e-006;5.2518e-005;-4.74959e-007
-0.0113936;3.75268e-006;4.75531e-005;-3.99434e-007
-0.0112816;3.66052e-006;3.81588e-005;-3.27043e-007
-0.01115;3.57052e-006;2.85074e-005;-2.57999e-007
-0.0109997;3.48264e-006;1.87818e-005;-1.92478e-007
-0.0108314;3.39683e-006;1.24857e-005;-1.3062e-007
-0.0106458;3.31306e-006;9.27264e-006;-7.25344e-008
-0.0104436;3.23127e-006;6.17143e-006;-1.82984e-008
-0.0102258;3.15143e-006;3.22803e-006;3.20399e-008
-0.00999309;3.07349e-006;4.57267e-007;7.84601e-008
-0.00974626;2.99742e-006;-2.12843e-006;1.20967e-007
-0.00948615;2.92318e-006;-4.51911e-006;1.59589e-007
-0.00921358;2.85073e-006;-6.70716e-006;1.94377e-007
-0.00892939;2.78004e-006;-8.68728e-006;2.254e-007
-0.0086344;2.71106e-006;-1.04563e-005;2.52747e-007
-0.00832946;2.64377e-006;-1.20133e-005;2.76521e-007
-0.00801539;2.57812e-006;-1.33589e-005;2.96841e-007
-0.00769302;2.51408e-006;-1.4496e-005;3.13837e-007
-0.0073632;2.45162e-006;-1.54287e-005;3.2765e-007
-0.00702674;2.39071e-006;-1.61628e-005;3.38432e-007
-0.00668446;2.3313e-006;-1.67056e-005;3.46339e-007
-0.00633716;2.27337e-006;-1.74608e-005;3.51536e-007
-0.00598566;2.21688e-006;-1.86182e-005;3.54192e-007
-0.00563074;2.1618e-006;-1.95574e-005;3.54477e-007
-0.00527317;2.1081e-006;-2.028e-005;3.52564e-007
-0.00491373;2.05574e-006;-2.0784e-005;3.4863e-007
-0.00455316;2.00469e-006;-2.10697e-005;3.42845e-007
-0.00419219;1.95493e-006;-2.11394e-005;3.35384e-007
-0.00383155;1.90642e-006;-2.09975e-005;3.26415e-007
-0.00347193;1.85913e-006;-2.06503e-005;3.17883e-007
-0.00311402;1.81303e-006;-1.99527e-005;3.19938e-007
-0.00275847;1.7681e-006;-1.75307e-005;3.22233e-007
-0.00240594;1.72429e-006;-1.50105e-005;3.24451e-007
-0.00205704;1.68159e-006;-1.24198e-005;3.26291e-007
-0.00171236;1.63997e-006;-9.81254e-006;3.27532e-007
-0.00137249;1.59939e-006;-7.37987e-006;3.28018e-007
-0.00103798;1.55984e-006;-6.0904e-006;3.27653e-007
-0.000709357;1.52128e-006;-4.82581e-006;3.26392e-007
-0.000387128;1.48369e-006;-3.60539e-006;2.86327e-007
-7.17743e-005;1.44704e-006;-2.43676e-006;2.34892e-007
0.000236249;1.41132e-006;-1.3266e-006;1.87268e-007
0.00053651;1.37648e-006;-2.80635e-007;1.45059e-007
0.000828604;1.34252e-006;6.96382e-007;1.10218e-007
0.00111215;1.30941e-006;1.60061e-006;9.15939e-008
0.0013868;1.27713e-006;2.42912e-006;7.42431e-008
0.00165221;1.24565e-006;3.17982e-006;5.77129e-008
0.0019081;1.21495e-006;3.85146e-006;4.20476e-008
0.00215418;1.18501e-006;4.44357e-006;2.72796e-008
0.00239019;1.15582e-006;4.95639e-006;1.34331e-008
0.00261593;1.12735e-006;5.39086e-006;5.25166e-010
0.00283118;1.09959e-006;5.74853e-006;-1.14343e-008
0.00303578;1.07251e-006;6.0315e-006;-2.24418e-008
0.00322956;1.0461e-006;6.2424e-006;-3.25002e-008
0.00341242;1.02034e-006;6.38431e-006;-4.16178e-008
0.00358425;9.9522e-007;6.4607e-006;-4.9808e-008
0.00374497;9.70713e-007;6.7441e-006;-5.7089e-008
0.00389453;9.46809e-007;7.42721e-006;-6.34833e-008
0.00403291;9.23492e-007;8.00404e-006;-6.9017e-008
0.00416009;9.00747e-007;8.47388e-006;-7.37198e-008
0.00427609;8.7856e-007;8.83228e-006;-7.7624e-008
0.00438095;8.56916e-007;9.07597e-006;-8.07647e-008
0.00447473;8.35802e-007;9.20287e-006;-8.31789e-008
0.0045575;8.15206e-007;9.21216e-006;-8.49054e-008
0.00462937;7.95113e-007;9.1043e-006;-8.59844e-008
0.00469044;7.75512e-007;7.9635e-006;-8.20614e-008
0.00474086;7.5639e-007;6.31969e-006;-7.72444e-008
0.00478079;7.37736e-007;4.634e-006;-7.22128e-008
0.00481038;7.19539e-007;2.94493e-006;-6.70442e-008
0.00482983;7.01787e-007;2.0632e-006;-6.18114e-008
0.00483934;6.8447e-007;1.50685e-006;-5.65786e-008
0.00483912;6.67576e-007;9.7256e-007;-5.14019e-008
0.00482941;6.51097e-007;4.66236e-007;-4.63297e-008
0.00481046;6.35021e-007;-9.61912e-009;-4.14031e-008
0.00478251;6.19339e-007;-4.52922e-007;-3.66565e-008
0.00474583;6.04041e-007;-8.62018e-007;-3.75987e-008
0.00470071;5.89119e-007;-1.23566e-006;-3.92999e-008
0.00464743;5.74564e-007;-1.57301e-006;-4.07526e-008
0.00458629;5.60366e-007;-1.87358e-006;-4.19709e-008
0.0045176;5.46517e-007;-2.13726e-006;-4.29673e-008
0.00444167;5.33008e-007;-2.36426e-006;-4.37533e-008
0.00435882;5.19832e-007;-2.55509e-006;-4.43392e-008
0.00426937;5.0698e-007;-2.71056e-006;-4.47349e-008
0.00417367;4.94445e-007;-2.83173e-006;-4.49492e-008
0.00407204;4.82219e-007;-2.91986e-006;-4.49905e-008
0.00396483;4.70295e-007;-3.07855e-006;-4.28464e-008
0.00385237;4.58665e-007;-3.27248e-006;-3.99936e-008
0.00373502;4.47322e-007;-3.42861e-006;-3.71108e-008
0.00361312;4.36259e-007;-3.54698e-006;-3.42136e-008
0.00348701;4.25469e-007;-3.62732e-006;-3.1321e-008
0.00335705;4.14947e-007;-3.66972e-006;-2.84503e-008
0.00322358;4.04684e-007;-3.67468e-006;-2.56174e-008
0.00308694;3.94676e-007;-3.64302e-006;-2.28369e-008
0.00294748;3.84915e-007;-3.57591e-006;-2.0122e-008
0.00280554;3.75395e-007;-3.39049e-006;-1.74845e-008
0.00266145;3.66112e-007;-2.96561e-006;-1.49347e-008
0.00251556;3.57058e-007;-2.52449e-006;-1.24819e-008
0.00236818;3.48229e-007;-2.07295e-006;-1.01339e-008
0.00221965;3.39618e-007;-1.62021e-006;-7.89734e-009
0.00207028;3.3122e-007;-1.24057e-006;-5.7777e-009
0.00192039;3.23031e-007;-1.01696e-006;-3.77934e-009
0.00177028;3.15044e-007;-7.98385e-007;-1.90553e-009
0.00162025;3.07255e-007;-5.87751e-007;-1.58565e-010
0.00147059;2.99659e-007;-3.86355e-007;1.46022e-009
0.0013216;2.92251e-007;-1.95329e-007;2.95037e-009
0.00117354;2.85027e-007;-1.56355e-008;4.31225e-009
0.00102668;2.77981e-007;1.51928e-007;5.547e-009
0.000881293;2.7111e-007;3.06723e-007;6.65644e-009
0.000737617;2.64409e-007;4.48269e-007;7.64302e-009
0.000595898;2.57873e-007;5.76231e-007;8.50977e-009
0.000456366;2.51499e-007;6.90417e-007;9.26022e-009
0.000319245;2.45283e-007;7.9077e-007;9.89838e-009
0.000184747;2.39221e-007;8.77356e-007;1.04286e-008
5.30719e-005;2.33308e-007;9.50358e-007;1.08557e-008
-7.55872e-005;2.27542e-007;1.01006e-006;1.11845e-008
-0.00020105;2.21918e-007;1.05686e-006;1.14205e-008
-0.000323145;2.16433e-007;1.09122e-006;1.15688e-008
-0.000441713;2.11083e-007;1.11369e-006;1.16352e-008
-0.000556604;2.05866e-007;1.12488e-006;1.16253e-008
-0.000667681;2.00777e-007;1.1968e-006;1.15448e-008
-0.000774816;1.95814e-007;1.31208e-006;1.13994e-008
-0.000877892;1.90973e-007;1.40893e-006;1.11947e-008
