P;PID;FLC;FLC3
1;1;1;1
1;1;1;1
1;1;1;1
0.999769;0.990935;1;1
0.999107;0.973802;0.999121;0.999606
0.997846;0.949533;0.996606;0.998481
0.995842;0.919049;0.991814;0.996335
0.992978;0.883252;0.984201;0.992927
0.989155;0.843012;0.973316;0.988053
0.984294;0.799164;0.958784;0.981547
0.978334;0.752504;0.940303;0.973273
0.971226;0.703779;0.917632;0.963123
0.962938;0.653688;0.890582;0.951012
0.953447;0.602876;0.859017;0.93688
0.942743;0.551935;0.822837;0.920682
0.930825;0.501401;0.781984;0.902392
0.917698;0.451752;0.736568;0.881996
0.903378;0.403413;0.687142;0.859493
0.887886;0.356751;0.63462;0.834895
0.871249;0.312081;0.579991;0.80822
0.853499;0.269666;0.524218;0.779865
0.834674;0.229718;0.468377;0.750292
0.814815;0.192403;0.413637;0.719935
0.793967;0.157841;0.361003;0.689181
0.772177;0.126114;0.311327;0.658388
0.749496;0.0972618;0.265329;0.627893
0.725978;0.0712912;0.223543;0.598005
0.701675;0.0481771;0.186184;0.568999
0.676646;0.0278661;0.153221;0.541106
0.650946;0.0102799;0.124521;0.514511
0.624636;-0.00468152;0.0998941;0.489355
0.597774;-0.0171364;0.079089;0.465732
0.57042;-0.0272183;0.0618299;0.443693
0.542634;-0.0350734;0.0478573;0.423253
0.514476;-0.0408572;0.0369207;0.404395
0.486007;-0.0447321;0.0287589;0.387086
0.457285;-0.0468651;0.0230961;0.371262
0.42837;-0.0474253;0.0196707;0.356825
0.39932;-0.046582;0.0182333;0.343651
0.370193;-0.0445029;0.0185451;0.331614
0.341046;-0.041352;0.0203777;0.320593
0.311935;-0.0372888;0.0235131;0.31047
0.282914;-0.0324664;0.0277378;0.301127
0.254037;-0.0270311;0.0328391;0.292449
0.225355;-0.0211206;0.0386163;0.284328
0.196919;-0.0148644;0.0448818;0.276656
0.168778;-0.00838221;0.0514611;0.269335
0.140979;-0.0017843;0.0581936;0.262274
0.113568;0.00482915;0.0649324;0.255395
0.0865892;0.011368;0.0715448;0.24863
0.0600841;0.0177522;0.0779124;0.241924
0.0340931;0.0239116;0.0839303;0.235228
0.00865462;0.0297858;0.0895076;0.228508
-0.0161949;0.0353239;0.0945659;0.221736
-0.0404211;0.0404839;0.0990397;0.214892
-0.0639915;0.0452327;0.102875;0.207963
-0.0868757;0.049545;0.106031;0.200945
-0.109045;0.0534033;0.108478;0.193838
-0.130474;0.0567971;0.110199;0.186646
-0.151137;0.0597223;0.11119;0.17938
-0.171012;0.0621807;0.111456;0.172051
-0.19008;0.0641794;0.111014;0.164676
-0.208322;0.0657301;0.109891;0.157271
-0.225722;0.0668485;0.108126;0.149858
-0.242266;0.0675538;0.105768;0.142454
-0.257942;0.0678683;0.102868;0.135082
-0.272739;0.0678165;0.0994835;0.127762
-0.28665;0.0674248;0.0956715;0.120514
-0.299668;0.0667209;0.0914893;0.113359
-0.311789;0.0657337;0.0869929;0.106316
-0.323011;0.0644925;0.0822368;0.0994047
-0.333332;0.0630266;0.0772728;0.0926418
-0.342754;0.0613653;0.07215;0.0860446
-0.35128;0.0595374;0.0669147;0.0796287
-0.358915;0.0575707;0.0616099;0.0734085
-0.365663;0.0554923;0.0562758;0.0673973
-0.371534;0.0533278;0.0509495;0.0616068
-0.376537;0.0511017;0.0456655;0.0560477
-0.380681;0.0488366;0.0404558;0.0507289
-0.38398;0.046554;0.0353494;0.0456581
-0.386447;0.0442731;0.0303734;0.0408414
-0.388098;0.0420119;0.0255523;0.0362833
-0.388947;0.0397863;0.0209081;0.031987
-0.389012;0.0376103;0.016461;0.027954
-0.388313;0.0354965;0.0122287;0.0241844
-0.386867;0.0334555;0.00822699;0.0206769
-0.384697;0.0314963;0.0044694;0.0174287
-0.381823;0.0296262;0.000967462;0.0144359
-0.378267;0.0278511;-0.00226939;0.0116933
-0.374053;0.0261752;-0.00523378;0.00919441
-0.369205;0.0246016;-0.00792038;0.00693206
-0.363747;0.0231319;-0.0103257;0.00489805
-0.357705;0.0217666;-0.0124478;0.00308338
-0.351103;0.0205052;-0.0142869;0.00147842
-0.343969;0.0193463;-0.0158445;7.29749e-005
-0.336328;0.0182873;-0.0171243;-0.00114347
-0.328208;0.0173253;-0.0181312;-0.00218173
-0.319637;0.0164565;-0.0188722;-0.0030528
-0.310641;0.0156766;-0.0193553;-0.00376822
-0.301249;0.0149809;-0.0195907;-0.00433985
-0.291488;0.0143644;-0.0195915;-0.00477966
-0.281386;0.0138216;-0.0193733;-0.00509954
-0.270971;0.0133471;-0.0189543;-0.00531121
-0.26027;0.0129353;-0.0183543;-0.00542606
-0.249313;0.0125805;-0.0175938;-0.00545511
-0.238126;0.0122771;-0.0166929;-0.00540824
-0.226736;0.0120195;-0.0156717;-0.0052943
-0.215172;0.0118024;-0.0145495;-0.00512123
-0.203459;0.0116206;-0.0133451;-0.00489646
-0.191624;0.0114689;-0.0120764;-0.00462708
-0.179693;0.0113426;-0.0107603;-0.00431981
-0.167693;0.0112374;-0.00941312;-0.00398103
-0.155647;0.0111489;-0.00804984;-0.00361672
-0.143582;0.0110732;-0.00668463;-0.00323252
-0.13152;0.0110069;-0.00533058;-0.00283364
-0.119486;0.0109466;-0.00399976;-0.00242497
-0.107503;0.0108895;-0.00270317;-0.00201098
-0.0955926;0.010833;-0.00145077;-0.0015958
-0.0837768;0.0107747;-0.000251432;-0.00118318
-0.0720765;0.0107128;0.000887;-0.000776536
-0.060512;0.0106456;0.00195774;-0.000378915
-0.0491027;0.0105716;0.00295505;6.96021e-006
-0.0378673;0.0104899;0.00387341;0.000378694
-0.0268238;0.0103996;0.0047075;0.000734203
-0.0159893;0.0103;0.00545236;0.0010717
-0.00538019;0.0101909;0.00610349;0.0013896
0.00498816;0.010072;0.00665702;0.00168648
0.0151011;0.00994325;0.00710981;0.00196109
0.0249447;0.00980493;0.00745948;0.00221232
0.0345062;0.00965732;0.00770454;0.00243923
0.0437734;0.00950084;0.0078444;0.00264103
0.0527351;0.00933604;0.00788097;0.00281704
0.0613809;0.00916355;0.00781866;0.00296677
0.0697015;0.00898407;0.00766418;0.00308984
0.077688;0.00879837;0.0074262;0.00318601
0.0853329;0.00860724;0.0071141;0.00325552
0.0926292;0.0084115;0.00673717;0.00329907
0.0995707;0.00821201;0.00630456;0.00331774
0.106152;0.00800959;0.00582517;0.00331292
0.11237;0.0078051;0.00530763;0.00328623
0.118219;0.00759933;0.0047602;0.00323948
0.123698;0.00739309;0.00419074;0.00317453
0.128804;0.00718713;0.00360671;0.00309323
0.133537;0.00698217;0.00301511;0.00299737
0.137895;0.00677889;0.00242247;0.00288871
0.141879;0.00657791;0.00183484;0.00276893
0.145491;0.0063798;0.00125778;0.00263969
0.148731;0.00618509;0.000696315;0.00250253
0.151602;0.00599425;0.00015499;0.00235897
0.154108;0.00580768;-0.000362179;0.00221042
0.156253;0.00562575;-0.000851678;0.00205822
0.158039;0.00544875;-0.0013105;0.00190365
0.159473;0.00527694;-0.00173596;0.00174787
0.16056;0.00511051;-0.00212569;0.00159199
0.161306;0.00494961;-0.0024776;0.00143702
0.161718;0.00479434;-0.00278997;0.0012839
0.161803;0.00464476;-0.00306141;0.00113346
0.161568;0.00450088;-0.00329092;0.000986486
0.161022;0.00436268;-0.00347785;0.000843655
0.160172;0.0042301;-0.00362194;0.000705576
0.159028;0.00410307;-0.00372329;0.000572783
0.1576;0.00398146;-0.00378257;0.000445734
0.155895;0.00386512;-0.00380117;0.000324817
0.153925;0.00375391;-0.00378111;0.000210351
0.1517;0.00364765;-0.00372499;0.000102591
0.149229;0.00354613;-0.00363585;1.73078e-006
0.146525;0.00344915;-0.00351699;-9.20947e-005
0.143596;0.00335651;-0.00337171;-0.000178805
0.140455;0.00326798;-0.00320331;-0.00025837
0.137113;0.00318334;-0.00301506;-0.000330841
0.133581;0.00310236;-0.00281017;-0.000396338
0.129871;0.00302481;-0.00259174;-0.000455041
0.125993;0.00295049;-0.00236278;-0.000507181
0.12196;0.00287918;-0.00212616;-0.000553028
0.117784;0.00281065;-0.00188462;-0.000592887
0.113475;0.00274471;-0.00164074;-0.00062709
0.109045;0.00268117;-0.00139694;-0.000655984
0.104506;0.00261983;-0.00115545;-0.000679934
0.09987;0.00256053;-0.000918343;-0.000699283
0.0951475;0.0025031;-0.000687492;-0.000714342
0.0903502;0.00244738;-0.000464588;-0.00072539
0.0854892;0.00239323;-0.000251132;-0.000732683
0.0805755;0.00234052;-4.84374e-005;-0.000736452
0.0756202;0.00228912;0.00014237;-0.000736911
0.0706338;0.00223894;0.000320348;-0.000734258
0.0656269;0.00218987;0.000484733;-0.000728677
0.0606098;0.00214182;0.000634795;-0.000720343
0.0555926;0.00209471;0.000769815;-0.000709434
0.0505852;0.00204848;0.000889115;-0.000696137
0.0455971;0.00200307;0.000992081;-0.000680644
0.0406378;0.00195843;0.00107819;-0.000663147
0.0357161;0.00191451;0.00114702;-0.000643845
0.030841;0.00187129;0.00119829;-0.000622931
0.0260209;0.00182873;0.00123184;-0.000600603
0.0212638;0.00178681;0.00124768;-0.00057705
0.0165778;0.00174552;0.00124633;-0.000552462
0.0119702;0.00170484;0.00122872;-0.000527022
0.00744832;0.00166477;0.00119618;-0.000500908
0.00301895;0.0016253;0.00115032;-0.000474289
-0.0013114;0.00158644;0.00109274;-0.000447331
-0.00553657;0.00154818;0.00102502;-0.000420189
-0.00965077;0.00151054;0.000948716;-0.000393009
-0.0136486;0.00147352;0.000865317;-0.000365932
-0.0175248;0.00143712;0.000776269;-0.000339086
-0.0212748;0.00140135;0.000682953;-0.000312592
-0.0248943;0.00136623;0.000586679;-0.00028656
-0.0283791;0.00133176;0.000488683;-0.000261091
-0.0317256;0.00129794;0.00039012;-0.000236278
-0.0349306;0.0012648;0.000292059;-0.000212202
-0.037991;0.00123233;0.000195484;-0.000188936
-0.0409044;0.00120054;0.00010129;-0.000166544
-0.0436685;0.00116943;1.028e-005;-0.000145081
-0.0462814;0.00113902;-7.68321e-005;-0.000124593
-0.0487415;0.00110929;-0.000159423;-0.000105117
-0.0510477;0.00108026;-0.000236959;-8.66836e-005
-0.053199;0.00105193;-0.000308954;-6.93135e-005
-0.0551949;0.00102429;-0.000374973;-5.30218e-005
-0.0570352;0.000997331;-0.000434634;-3.7816e-005
-0.05872;0.000971061;-0.000487613;-2.36974e-005
-0.0602496;0.000945471;-0.000533649;-1.0661e-005
-0.0616247;0.000920553;-0.000572542;1.30384e-006
-0.0628462;0.000896299;-0.000604161;1.22127e-005
-0.0639155;0.0008727;-0.000628437;2.20862e-005
-0.0648339;0.000849745;-0.000645369;3.09487e-005
-0.0656034;0.000827422;-0.000655066;3.88257e-005
-0.0662258;0.00080572;-0.000657763;4.57432e-005
-0.0667035;0.000784625;-0.000653813;5.17275e-005
-0.067039;0.000764124;-0.000643665;5.68056e-005
-0.0672349;0.000744202;-0.000627854;6.10045e-005
-0.0672942;0.000724844;-0.000606946;6.43515e-005
-0.0672201;0.000706036;-0.000581511;6.68745e-005
-0.0670157;0.000687761;-0.00055212;6.86015e-005
-0.0666847;0.000670004;-0.000519333;6.95675e-005
-0.0662306;0.00065275;-0.000483704;6.98178e-005
-0.0656572;0.000635981;-0.000445768;6.94057e-005
-0.0649686;0.000619683;-0.000406045;6.83897e-005
-0.0641688;0.000603841;-0.000365031;6.68317e-005
-0.063262;0.000588437;-0.000323199;6.47926e-005
-0.0622525;0.000573459;-0.000280994;6.23309e-005
-0.0611447;0.000558889;-0.000238835;5.95032e-005
-0.0599431;0.000544715;-0.000197108;5.63633e-005
-0.0586524;0.000530922;-0.000156168;5.29624e-005
-0.0572771;0.000517496;-0.00011634;4.93492e-005
-0.055822;0.000504424;-7.7913e-005;4.55693e-005
-0.0542918;0.000491694;-4.1145e-005;4.16658e-005
-0.0526913;0.000479293;-6.26044e-006;3.76788e-005
-0.0510252;0.000467209;2.6549e-005;3.36456e-005
-0.0492985;0.000455432;5.71237e-005;2.96006e-005
-0.047516;0.00044395;8.53351e-005;2.55754e-005
-0.0456824;0.000432754;0.000111058;2.15989e-005
-0.0438026;0.000421833;0.00013417;1.7697e-005
-0.0418814;0.00041118;0.000154553;1.38932e-005
-0.0399234;0.000400784;0.000172104;1.02081e-005
-0.0379335;0.000390638;0.000186733;6.66017e-006
-0.0359163;0.000380734;0.000198369;3.26504e-006
-0.0338764;0.000371064;0.000206961;3.62047e-008
-0.0318183;0.000361623;0.000212486;-3.01512e-006
-0.0297466;0.000352403;0.000214953;-5.87985e-006
-0.0276655;0.000343398;0.000214454;-8.55091e-006
-0.0255795;0.000334603;0.000211159;-1.10242e-005
-0.0234926;0.000326012;0.000205303;-1.32982e-005
-0.0214091;0.000317619;0.000197166;-1.53739e-005
-0.019333;0.000309421;0.000187025;-1.7254e-005
-0.017268;0.000301413;0.000175155;-1.89432e-005
-0.0152182;0.000293589;0.000161822;-2.04475e-005
-0.013187;0.000285947;0.000147286;-2.17742e-005
-0.011178;0.000278481;0.000131796;-2.29317e-005
-0.00919473;0.000271189;0.00011559;-2.39288e-005
-0.00724038;0.000264066;9.88945e-005;-2.47753e-005
-0.00531813;0.00025711;8.19229e-005;-2.54796e-005
-0.00343099;0.000250316;6.48739e-005;-2.60496e-005
-0.00158182;0.000243682;4.79317e-005;-2.64923e-005
0.00022664;0.000237204;3.12654e-005;-2.68142e-005
0.00199181;0.00023088;1.50284e-005;-2.70211e-005
0.00371124;0.000224706;-6.41705e-007;-2.71187e-005
0.00538265;0.000218679;-1.56229e-005;-2.71122e-005
0.00700389;0.000212797;-2.9809e-005;-2.70065e-005
0.00857298;0.000207056;-4.31089e-005;-2.68064e-005
0.0100881;0.000201454;-5.54393e-005;-2.65163e-005
0.0115474;0.000195988;-6.67252e-005;-2.61413e-005
0.0129496;0.000190656;-7.69015e-005;-2.56867e-005
0.0142931;0.000185454;-8.5913e-005;-2.51581e-005
0.0155767;0.00018038;-9.37151e-005;-2.45614e-005
0.0167993;0.000175431;-0.000100275;-2.39026e-005
0.01796;0.000170605;-0.00010557;-2.31877e-005
0.0190579;0.000165898;-0.00010959;-2.24228e-005
0.0200924;0.000161309;-0.000112336;-2.16142e-005
0.021063;0.000156835;-0.00011383;-2.07677e-005
0.0219692;0.000152473;-0.000114116;-1.98894e-005
0.0228109;0.00014822;-0.000113258;-1.89852e-005
0.0235878;0.000144074;-0.000111336;-1.80607e-005
0.0243;0.000140033;-0.000108446;-1.71213e-005
0.0249476;0.000136094;-0.000104686;-1.61724e-005
0.025531;0.000132254;-0.000100155;-1.5219e-005
0.0260504;0.000128511;-9.49521e-005;-1.42659e-005
0.0265063;0.000124863;-8.91743e-005;-1.33174e-005
0.0268994;0.000121308;-8.29174e-005;-1.2378e-005
0.0272305;0.000117842;-7.62741e-005;-1.14514e-005
0.0275002;0.000114464;-6.93341e-005;-1.05413e-005
0.0277095;0.000111172;-6.21831e-005;-9.65095e-006
0.0278595;0.000107963;-5.49025e-005;-8.78345e-006
0.0279513;0.000104835;-4.75691e-005;-7.94146e-006
0.027986;0.000101786;-4.02546e-005;-7.12739e-006
0.027965;9.88138e-005;-3.30256e-005;-6.34333e-006
0.0278896;9.59165e-005;-2.59429e-005;-5.59109e-006
0.0277612;9.30921e-005;-1.90619e-005;-4.87221e-006
0.0275814;9.03386e-005;-1.24321e-005;-4.18793e-006
0.0273517;8.76541e-005;-6.09741e-006;-3.53923e-006
0.0270738;8.50368e-005;-9.57786e-008;-2.92687e-006
0.0267493;8.2485e-005;5.54035e-006;-2.35131e-006
0.02638;7.99967e-005;1.07841e-005;-1.81284e-006
0.0259677;7.75705e-005;1.56141e-005;-1.31149e-006
0.0255141;7.52045e-005;2.00086e-005;-8.4711e-007
0.0250212;7.28973e-005;2.39461e-005;-4.19364e-007
0.0244909;7.06472e-005;2.74066e-005;-2.77345e-008
0.0239251;6.84528e-005;3.03724e-005;3.2845e-007
0.0233258;6.63126e-005;3.28281e-005;6.50008e-007
0.0226948;6.42251e-005;3.47621e-005;9.37885e-007
0.0220343;6.2189e-005;3.61662e-005;1.19306e-006
0.0213461;6.0203e-005;3.70368e-005;1.41652e-006
0.0206324;5.82658e-005;3.7378e-005;1.60925e-006
0.0198951;5.63761e-005;3.72081e-005;1.77226e-006
0.0191362;5.45327e-005;3.65587e-005;1.90653e-006
0.0183577;5.27345e-005;3.54721e-005;2.01306e-006
0.0175616;5.09803e-005;3.3997e-005;2.09285e-006
0.0167499;4.92689e-005;3.21815e-005;2.14689e-006
0.0159246;4.75994e-005;3.00731e-005;2.17636e-006
0.0150876;4.59707e-005;2.77181e-005;2.18279e-006
0.0142408;4.43817e-005;2.5161e-005;2.16794e-006
0.0133861;4.28316e-005;2.24452e-005;2.13373e-006
0.0125253;4.13193e-005;1.96116e-005;2.0822e-006
0.0116604;3.98439e-005;1.66992e-005;2.01532e-006
0.0107931;3.84046e-005;1.37447e-005;1.935e-006
0.00992518;3.70004e-005;1.07822e-005;1.84307e-006
0.00905832;3.56306e-005;7.84336e-006;1.74128e-006
0.00819422;3.42942e-005;4.95711e-006;1.63129e-006
0.00733451;3.29905e-005;2.14966e-006;1.51467e-006
0.00648077;3.17187e-005;-5.55505e-007;1.39289e-006
0.00563454;3.04781e-005;-3.13765e-006;1.26734e-006
0.0047973;2.92679e-005;-5.57877e-006;1.13931e-006
0.00397048;2.80873e-005;-7.86324e-006;1.01e-006
0.00315546;2.69357e-005;-9.97683e-006;8.80499e-007
0.00235355;2.58123e-005;-1.19068e-005;7.51831e-007
0.00156603;2.47166e-005;-1.36421e-005;6.24911e-007
0.000794089;2.36478e-005;-1.51734e-005;5.00568e-007
3.88798e-005;2.26053e-005;-1.64934e-005;3.79545e-007
-0.000698512;2.15885e-005;-1.75966e-005;2.62498e-007
-0.00141706;2.05967e-005;-1.84794e-005;1.50003e-007
-0.0021158;1.96294e-005;-1.91405e-005;4.25551e-008
-0.00279384;1.86859e-005;-1.95803e-005;-5.94243e-008
-0.00345033;1.77658e-005;-1.98033e-005;-1.55588e-007
-0.00408449;1.68683e-005;-1.98179e-005;-2.45655e-007
-0.0046956;1.59931e-005;-1.96357e-005;-3.29433e-007
-0.00528302;1.51395e-005;-1.92712e-005;-4.06821e-007
-0.00584616;1.4307e-005;-1.87413e-005;-4.77797e-007
-0.00638447;1.34951e-005;-1.80631e-005;-5.42412e-007
-0.0068975;1.27033e-005;-1.72539e-005;-6.0078e-007
-0.00738484;1.19311e-005;-1.63307e-005;-6.53066e-007
-0.00784614;1.11781e-005;-1.53106e-005;-6.9948e-007
-0.0082811;1.04437e-005;-1.42101e-005;-7.40267e-007
-0.00868951;9.72748e-006;-1.30451e-005;-7.75702e-007
-0.00907118;9.02904e-006;-1.18312e-005;-8.06085e-007
-0.009426;8.34792e-006;-1.05832e-005;-8.31702e-007
-0.00975392;7.68368e-006;-9.31497e-006;-8.52813e-007
-0.0100549;7.0359e-006;-8.03987e-006;-8.69654e-007
-0.0103291;6.40419e-006;-6.77016e-006;-8.82439e-007
-0.0105764;5.78813e-006;-5.51724e-006;-8.91367e-007
-0.0107972;5.18734e-006;-4.29152e-006;-8.9662e-007
-0.0109915;4.60144e-006;-3.10247e-006;-8.98371e-007
-0.0111596;4.03005e-006;-1.95851e-006;-8.96781e-007
-0.0113019;3.47281e-006;-8.67084e-007;-8.92007e-007
-0.0114186;2.92938e-006;1.65354e-007;-8.84195e-007
-0.0115101;2.3994e-006;1.13335e-006;-8.73499e-007
-0.0115769;1.88254e-006;2.0324e-006;-8.60085e-007
-0.0116193;1.37846e-006;2.85878e-006;-8.44129e-007
-0.011638;8.86862e-007;3.60871e-006;-8.25817e-007
-0.0116333;4.07417e-007;4.27851e-006;-8.05341e-007
-0.011606;-6.0175e-008;4.86476e-006;-7.82898e-007
-0.0115565;-5.1621e-007;5.36443e-006;-7.58686e-007
-0.0114855;-9.60976e-007;5.77499e-006;-7.32906e-007
-0.0113936;-1.39476e-006;6.09449e-006;-7.05757e-007
-0.0112816;-1.81782e-006;6.32169e-006;-6.77437e-007
-0.01115;-2.23045e-006;6.45608e-006;-6.48139e-007
-0.0109997;-2.63289e-006;6.49884e-006;-6.18054e-007
-0.0108314;-3.0254e-006;6.45362e-006;-5.87364e-007
-0.0106458;-3.40822e-006;6.32624e-006;-5.56248e-007
-0.0104436;-3.7816e-006;6.12438e-006;-5.24875e-007
-0.0102258;-4.14578e-006;5.85651e-006;-4.93408e-007
-0.00999309;-4.50098e-006;5.53098e-006;-4.62e-007
-0.00974626;-4.84742e-006;5.156e-006;-4.30796e-007
-0.00948615;-5.18532e-006;4.73956e-006;-3.9993e-007
-0.00921358;-5.51489e-006;4.2894e-006;-3.69529e-007
-0.00892939;-5.83634e-006;3.81295e-006;-3.39708e-007
-0.0086344;-6.14987e-006;3.3173e-006;-3.10572e-007
-0.00832946;-6.45568e-006;2.80914e-006;-2.82216e-007
-0.00801539;-6.75395e-006;2.29477e-006;-2.54727e-007
-0.00769302;-7.04487e-006;1.78006e-006;-2.28181e-007
-0.0073632;-7.32862e-006;1.27041e-006;-2.02642e-007
-0.00702674;-7.60539e-006;7.7077e-007;-1.78168e-007
-0.00668446;-7.87533e-006;2.85616e-007;-1.54806e-007
-0.00633716;-8.13862e-006;-1.81058e-007;-1.32594e-007
-0.00598566;-8.39542e-006;-6.25734e-007;-1.11562e-007
-0.00563074;-8.6459e-006;-1.04537e-006;-9.17315e-008
-0.00527317;-8.8902e-006;-1.43728e-006;-7.31165e-008
-0.00491373;-9.12848e-006;-1.79905e-006;-5.57234e-008
-0.00455316;-9.36088e-006;-2.12852e-006;-3.95514e-008
-0.00419219;-9.58756e-006;-2.42381e-006;-2.45938e-008
-0.00383155;-9.80865e-006;-2.68337e-006;-1.08374e-008
-0.00347193;-1.00243e-005;-2.90598e-006;1.73626e-009
-0.00311402;-1.02346e-005;-3.09074e-006;1.31508e-008
-0.00275847;-1.04397e-005;-3.23713e-006;2.34345e-008
-0.00240594;-1.06398e-005;-3.34494e-006;3.26193e-008
-0.00205704;-1.08349e-005;-3.41436e-006;4.07376e-008
-0.00171236;-1.10253e-005;-3.44631e-006;4.78223e-008
-0.00137249;-1.12109e-005;-3.44234e-006;5.39062e-008
-0.00103798;-1.13919e-005;-3.40459e-006;5.90222e-008
-0.000709357;-1.15685e-005;-3.33565e-006;6.32033e-008
-0.000387128;-1.17407e-005;-3.23849e-006;6.64822e-008
-7.17743e-005;-1.19087e-005;-3.11609e-006;6.88919e-008
0.000236249;-1.20725e-005;-2.97147e-006;7.04653e-008
0.00053651;-1.22322e-005;-2.80758e-006;7.12443e-008
0.000828604;-1.23881e-005;-2.62737e-006;7.12807e-008
0.00111215;-1.254e-005;-2.43369e-006;7.06341e-008
0.0013868;-1.26883e-005;-2.22932e-006;6.93689e-008
0.00165221;-1.28328e-005;-2.01692e-006;6.75518e-008
0.0019081;-1.29738e-005;-1.79905e-006;6.52473e-008
0.00215418;-1.31113e-005;-1.57811e-006;6.25173e-008
0.00239019;-1.32454e-005;-1.35638e-006;5.94214e-008
0.00261593;-1.33762e-005;-1.13598e-006;5.60159e-008
0.00283118;-1.35038e-005;-9.18836e-007;5.23547e-008
0.00303578;-1.36282e-005;-7.06748e-007;4.84884e-008
0.00322956;-1.37496e-005;-5.01322e-007;4.44648e-008
0.00341242;-1.38679e-005;-3.03994e-007;4.03285e-008
0.00358425;-1.39833e-005;-1.16026e-007;3.6121e-008
0.00374497;-1.40959e-005;6.14938e-008;3.18809e-008
0.00389453;-1.42057e-005;2.27647e-007;2.76434e-008
0.00403291;-1.43128e-005;3.81682e-007;2.3441e-008
0.00416009;-1.44172e-005;5.22947e-007;1.93031e-008
0.00427609;-1.4519e-005;6.50786e-007;1.52562e-008
0.00438095;-1.46184e-005;7.64568e-007;1.13238e-008
0.00447473;-1.47153e-005;8.63709e-007;7.52683e-009
0.0045575;-1.48098e-005;9.47697e-007;3.88346e-009
0.00462937;-1.49019e-005;1.01611e-006;4.09336e-010
0.00469044;-1.49918e-005;1.06864e-006;-2.88239e-009
0.00474086;-1.50795e-005;1.10508e-006;-5.9809e-009
0.00478079;-1.5165e-005;1.12538e-006;-8.87757e-009
0.00481038;-1.52484e-005;1.12982e-006;-1.15669e-008
0.00482983;-1.53297e-005;1.11912e-006;-1.40463e-008
0.00483934;-1.5409e-005;1.09437e-006;-1.63159e-008
0.00483912;-1.54864e-005;1.05694e-006;-1.83778e-008
0.00482941;-1.55618e-005;1.00831e-006;-2.02362e-008
0.00481046;-1.56354e-005;9.49937e-007;-2.1897e-008
0.00478251;-1.57072e-005;8.8323e-007;-2.33674e-008
0.00474583;-1.57772e-005;8.09575e-007;-2.46557e-008
0.00470071;-1.58455e-005;7.30309e-007;-2.57713e-008
0.00464743;-1.5912e-005;6.46712e-007;-2.67239e-008
0.00458629;-1.5977e-005;5.60004e-007;-2.75228e-008
0.0045176;-1.60403e-005;4.71339e-007;-2.81762e-008
0.00444167;-1.61021e-005;3.81795e-007;-2.86916e-008
0.00435882;-1.61624e-005;2.92379e-007;-2.90759e-008
0.00426937;-1.62211e-005;2.04016e-007;-2.93353e-008
0.00417367;-1.62785e-005;1.17549e-007;-2.94759e-008
0.00407204;-1.63344e-005;3.37423e-008;-2.9503e-008
0.00396483;-1.63889e-005;-4.67268e-008;-2.94219e-008
0.00385237;-1.64421e-005;-1.23262e-007;-2.92377e-008
0.00373502;-1.64939e-005;-1.95349e-007;-2.89551e-008
0.00361312;-1.65445e-005;-2.6253e-007;-2.85794e-008
0.00348701;-1.65938e-005;-3.24393e-007;-2.81159e-008
0.00335705;-1.6642e-005;-3.8057e-007;-2.75706e-008
0.00322358;-1.66889e-005;-4.30747e-007;-2.69497e-008
0.00308694;-1.67347e-005;-4.74665e-007;-2.62594e-008
0.00294748;-1.67793e-005;-5.12121e-007;-2.55064e-008
0.00280554;-1.68228e-005;-5.42974e-007;-2.4697e-008
0.00266145;-1.68653e-005;-5.6714e-007;-2.38379e-008
0.00251556;-1.69067e-005;-5.84597e-007;-2.29356e-008
0.00236818;-1.69471e-005;-5.95403e-007;-2.19966e-008
0.00221965;-1.69865e-005;-5.9974e-007;-2.10271e-008
0.00207028;-1.70249e-005;-5.97897e-007;-2.00334e-008
0.00192039;-1.70624e-005;-5.90261e-007;-1.90215e-008
0.00177028;-1.7099e-005;-5.77299e-007;-1.7997e-008
0.00162025;-1.71346e-005;-5.59527e-007;-1.69656e-008
0.00147059;-1.71694e-005;-5.37466e-007;-1.59325e-008
0.0013216;-1.72033e-005;-5.11637e-007;-1.49025e-008
0.00117354;-1.72363e-005;-4.82557e-007;-1.38805e-008
0.00102668;-1.72686e-005;-4.50732e-007;-1.28707e-008
0.000881293;-1.73001e-005;-4.16658e-007;-1.18771e-008
0.000737617;-1.73307e-005;-3.80814e-007;-1.09036e-008
0.000595898;-1.73607e-005;-3.43661e-007;-9.95336e-009
0.000456366;-1.73898e-005;-3.05636e-007;-9.02957e-009
0.000319245;-1.74183e-005;-2.67156e-007;-8.1349e-009
0.000184747;-1.74461e-005;-2.2861e-007;-7.27176e-009
5.30719e-005;-1.74731e-005;-1.9036e-007;-6.44223e-009
-7.55872e-005;-1.74995e-005;-1.52739e-007;-5.64809e-009
-0.00020105;-1.75253e-005;-1.16053e-007;-4.89081e-009
-0.000323145;-1.75504e-005;-8.05749e-008;-4.17158e-009
-0.000441713;-1.75749e-005;-4.65492e-008;-3.49129e-009
-0.000556604;-1.75988e-005;-1.41896e-008;-2.85059e-009
-0.000667681;-1.76221e-005;1.63204e-008;-2.24987e-009
-0.000774816;-1.76448e-005;4.48265e-008;-1.68927e-009
-0.000877892;-1.7667e-005;7.12036e-008;-1.16873e-009
