P;PID;FLC;FLC3
1;39.2;0;0
1;1.2;3.1;1.38791
1;1.2;3.1;1.38791
0.999769;0.844487;3.1;1.38791
0.999107;0.516973;3.1;1.38791
0.997846;0.216212;3.1;1.38791
0.995842;-0.0571206;3.1;1.38791
0.992978;-0.302724;3.1;1.38791
0.989155;-0.52063;3.1;1.38791
0.984294;-0.711168;3.1;1.38791
0.978334;-0.874938;3.1;1.38791
0.971226;-1.01277;3.1;1.38791
0.962938;-1.1257;3.1;1.38791
0.953447;-1.21494;3.1;1.38791
0.942743;-1.28183;3.1;1.38791
0.930825;-1.32784;2.7021;1.38791
0.917698;-1.3545;1.80818;1.38791
0.903378;-1.36343;0.983109;1.38791
0.887886;-1.35627;-0.644308;1.38791
0.871249;-1.33468;-3.1;1.38791
0.853499;-1.30031;-3.1;1.38791
0.834674;-1.2548;-3.1;1.38791
0.814815;-1.19974;-3.1;1.38791
0.793967;-1.13667;-3.1;1.38791
0.772177;-1.06707;-3.1;0.419248
0.749496;-0.992352;-3.1;-0.558752
0.725978;-0.913839;-3.1;-0.848553
0.701675;-0.832766;-2.06651;-0.931433
0.676646;-0.750279;-1.28128;-0.975849
0.650946;-0.667423;-1.03265;-1.00319
0.624636;-0.585149;-0.826774;-1.02067
0.597774;-0.504304;-0.593012;-1.03369
0.57042;-0.42564;-0.516667;-1.03356
0.542634;-0.349811;-0.516667;-1.03341
0.514476;-0.277373;-0.463237;-0.935725
0.486007;-0.208795;-0.304879;-0.79441
0.457285;-0.144453;-0.266634;-0.728858
0.42837;-0.0846437;-0.220908;-0.62971
0.39932;-0.0295823;-0.168797;-0.504472
0.370193;0.0205877;-0.112741;-0.377927
0.341046;0.0657911;-0.0556154;-0.253213
0.311935;0.106014;-0.000277642;-0.143838
0.282914;0.1413;0.0596446;-0.0820078
0.254037;0.17174;0.116145;-0.0626296
0.225355;0.197471;0.16953;-0.0436233
0.196919;0.218668;0.218176;-0.0250809
0.168778;0.235539;0.261173;-0.00792513
0.140979;0.248319;0.298179;0.00742092
0.113568;0.257263;0.329269;0.021177
0.0865892;0.262646;0.354783;0.0343265
0.0600841;0.264754;0.375207;0.0475647
0.0340931;0.26388;0.391085;0.0600637
0.00865462;0.260323;0.402961;0.0717364
-0.0161949;0.25438;0.411345;0.0822692
-0.0404211;0.246348;0.416691;0.0914229
-0.0639915;0.236515;0.419398;0.0995638
-0.0868757;0.225162;0.418511;0.106064
-0.109045;0.21256;0.410275;0.111371
-0.130474;0.198966;0.399032;0.115378
-0.151137;0.184623;0.384466;0.117946
-0.171012;0.169759;0.366206;0.11946
-0.19008;0.154585;0.343783;0.119995
-0.208322;0.139296;0.316636;0.119525
-0.225722;0.124067;0.284103;0.118111
-0.242266;0.109057;0.245436;0.115779
-0.257942;0.0944073;0.204509;0.11267
-0.272739;0.0802404;0.170424;0.108899
-0.28665;0.0666621;0.141137;0.104543
-0.299668;0.0537616;0.115871;0.099647
-0.311789;0.0416118;0.0939438;0.0942769
-0.323011;0.0302704;0.0747856;0.0886213
-0.333332;0.0197806;0.0579318;0.0827375
-0.342754;0.0101723;0.0430058;0.0766557
-0.35128;0.00146251;0.0297027;0.0704437
-0.358915;-0.00634293;0.0177763;0.0641629
-0.365663;-0.0132487;0.00702694;0.0578685
-0.371534;-0.0192689;-0.00273611;0.0516096
-0.376537;-0.0244257;-0.0121002;0.0454519
-0.380681;-0.0287488;-0.02125;0.0395896
-0.38398;-0.0322738;-0.0301807;0.0338862
-0.386447;-0.0350418;-0.0388812;0.0283688
-0.388098;-0.0370979;-0.0473326;0.0230591
-0.388947;-0.0384906;-0.0555088;0.0179747
-0.389012;-0.039271;-0.0633758;0.0131298
-0.388313;-0.0394918;-0.0708922;0.00875806
-0.386867;-0.0392065;-0.0780092;0.00467552
-0.384697;-0.0384692;-0.0846711;0.00086057
-0.381823;-0.0373334;-0.090816;-0.00270259
-0.378267;-0.0358517;-0.0963767;-0.00604829
-0.374053;-0.0340753;-0.101282;-0.00916861
-0.369205;-0.0320537;-0.10546;-0.0119428
-0.363747;-0.0298342;-0.108838;-0.0143455
-0.357705;-0.0274616;-0.111957;-0.0165042
-0.351103;-0.0249778;-0.114248;-0.0184182
-0.343969;-0.0224221;-0.115441;-0.0200894
-0.336328;-0.0198305;-0.115639;-0.021521
-0.328208;-0.0172358;-0.114932;-0.0227728
-0.319637;-0.0146679;-0.1134;-0.0237812
-0.310641;-0.0121531;-0.111112;-0.0244402
-0.301249;-0.00971471;-0.10813;-0.0249
-0.291488;-0.00737294;-0.103584;-0.0251701
-0.281386;-0.00514485;-0.0937166;-0.0252616
-0.270971;-0.00304459;-0.0830398;-0.0251863
-0.26027;-0.00108352;-0.0715989;-0.0249563
-0.249313;0.000729686;-0.059517;-0.0245841
-0.238126;0.00238881;-0.0469445;-0.0240824
-0.226736;0.00388997;-0.038533;-0.0234637
-0.215172;0.00523139;-0.0309709;-0.0219711
-0.203459;0.00641327;-0.0239735;-0.0199409
-0.191624;0.00743753;-0.0175132;-0.0179697
-0.179693;0.00830766;-0.0115591;-0.016068
-0.167693;0.00902851;-0.00608137;-0.014247
-0.155647;0.00960609;-0.00105155;-0.0125157
-0.143582;0.0100474;0.00360633;-0.0108805
-0.13152;0.0103604;0.00800822;-0.00934604
-0.119486;0.0105535;0.0121482;-0.00796519
-0.107503;0.0106357;0.0160165;-0.00841005
-0.0955926;0.0106163;0.0196032;-0.0087734
-0.0837768;0.010505;0.0228982;-0.00906172
-0.0720765;0.0103114;0.0258918;-0.00928087
-0.060512;0.010045;0.0285747;-0.00943611
-0.0491027;0.0097154;0.0309388;-0.00953222
-0.0378673;0.00933186;0.032977;-0.00957357
-0.0268238;0.00890332;0.0346839;-0.00942238
-0.0159893;0.0084384;0.0360561;-0.00865914
-0.00538019;0.00794524;0.0370924;-0.00790456
0.00498816;0.00743155;0.0416685;-0.00715881
0.0151011;0.00690449;0.0456876;-0.00642553
0.0249447;0.0063707;0.0490774;-0.00570799
0.0345062;0.00583623;0.0518289;-0.00500914
0.0437734;0.00530659;0.0539368;-0.00433157
0.0527351;0.00478668;0.0554;-0.00367758
0.0613809;0.00428085;0.0562217;-0.00304912
0.0697015;0.00379285;0.0564087;-0.00244788
0.077688;0.00332591;0.0542002;-0.00187527
0.0853329;0.00288271;0.0465094;-0.0013324
0.0926292;0.00246541;0.0383059;-0.000820156
0.0995707;0.00207569;0.0296764;-0.000339187
0.106152;0.00171478;0.0208266;0.00011012
0.11237;0.00138348;0.0149424;0.000528221
0.118219;0.00108218;0.0117618;0.000915189
0.123698;0.000810929;0.00873611;0.00127097
0.128804;0.000569451;0.00589195;0.0015957
0.133537;0.000357171;0.00323095;0.00188965
0.137895;0.00017326;0.000753417;0.00215326
0.141879;1.66697e-005;-0.0015507;0.00238712
0.145491;-0.000113841;-0.00370775;0.00259193
0.148731;-0.000219668;-0.00571409;0.00276852
0.151602;-0.000302336;-0.00756487;0.0029178
0.154108;-0.000363465;-0.00925604;0.0030408
0.156253;-0.000404747;-0.0107844;0.00313861
0.158039;-0.000427921;-0.0121475;0.0032124
0.159473;-0.000434745;-0.013344;0.00326339
0.16056;-0.000426981;-0.0143733;0.00329286
0.161306;-0.00040637;-0.0152361;0.0033021
0.161718;-0.000374619;-0.015934;0.00329245
0.161803;-0.000333385;-0.0164839;0.0033685
0.161568;-0.00028426;-0.0177678;0.0034926
0.161022;-0.000228762;-0.0188395;0.00361705
0.160172;-0.000168324;-0.0197048;0.00373703
0.159028;-0.00010429;-0.020363;0.00384851
0.1576;-3.79057e-005;-0.0208155;0.00395104
0.155895;2.96842e-005;-0.0210652;0.00403934
0.153925;9.74382e-005;-0.0211161;0.00411162
0.1517;0.000164419;-0.0209741;0.0041669
0.149229;0.000229796;-0.0206459;0.00371296
0.146525;0.000292838;-0.0187281;0.00321842
0.143596;0.000352919;-0.0165992;0.00274465
0.140455;0.000409508;-0.0143635;0.0023012
0.137113;0.000462169;-0.0120614;0.0019003
0.133581;0.000510558;-0.0097335;0.0015527
0.129871;0.000554411;-0.00775321;0.00133841
0.125993;0.000593547;-0.00653732;0.00116315
0.12196;0.000627855;-0.00535157;0.000993466
0.117784;0.000657294;-0.00420875;0.000830105
0.113475;0.000681882;-0.00311417;0.000673521
0.109045;0.000701693;-0.0020723;0.000524104
0.104506;0.000716848;-0.00108685;0.000382175
0.09987;0.000727512;-0.000160848;0.000247991
0.0951475;0.000733884;0.000705277;0.000121749
0.0903502;0.000736196;0.0015128;3.59002e-006
0.0854892;0.000734704;0.00225942;-0.000106433
0.0805755;0.000729682;0.00294328;-0.00020831
0.0756202;0.000721422;0.00356305;-0.00030204
0.0706338;0.000710221;0.00411785;-0.000387667
0.0656269;0.000696387;0.00460731;-0.000465273
0.0606098;0.000680226;0.00503154;-0.000534984
0.0555926;0.000662042;0.00539107;-0.000596955
0.0505852;0.000642137;0.0056869;-0.000651377
0.0455971;0.000620801;0.00592041;-0.000698469
0.0406378;0.000598317;0.00609341;-0.000738473
0.0357161;0.000574952;0.00620803;-0.000771657
0.030841;0.000550961;0.00685419;-0.000798305
0.0260209;0.000526583;0.00758338;-0.000818719
0.0212638;0.00050204;0.00820945;-0.000833217
0.0165778;0.000477535;0.00872886;-0.000834225
0.0119702;0.000453254;0.00913743;-0.000785448
0.00744832;0.000429363;0.00943196;-0.00073512
0.00301895;0.000406012;0.00961031;-0.000683705
-0.0013114;0.00038333;0.00967142;-0.000631868
-0.00553657;0.000361428;0.00940443;-0.000580194
-0.00965077;0.0003404;0.00795904;-0.000529192
-0.0136486;0.000320324;0.00644746;-0.000479297
-0.0175248;0.000301261;0.00488639;-0.00043088
-0.0212748;0.000283254;0.00331784;-0.000384245
-0.0248943;0.000266337;0.00239084;-0.000379753
-0.0283791;0.000250525;0.0018641;-0.000399583
-0.0317256;0.000235825;0.0013553;-0.000416747
-0.0349306;0.00022223;0.000870212;-0.000431395
-0.037991;0.000209725;0.000410873;-0.000443664
-0.0409044;0.000198285;-2.10067e-005;-0.000453675
-0.0436685;0.000187876;-0.000424734;-0.00046154
-0.0462814;0.00017846;-0.000799611;-0.000467362
-0.0487415;0.000169992;-0.00114458;-0.000471236
-0.0510477;0.000162421;-0.00145888;-0.00047325
-0.053199;0.000155694;-0.001742;-0.000473489
-0.0551949;0.000149755;-0.00199369;-0.000450176
-0.0570352;0.000144546;-0.00221395;-0.000422807
-0.05872;0.000140006;-0.00240301;-0.000394999
-0.0602496;0.000136078;-0.00256133;-0.000366919
-0.0616247;0.0001327;-0.00268956;-0.000338739
-0.0628462;0.000129814;-0.00278855;-0.000310623
-0.0639155;0.000127364;-0.00297632;-0.000282722
-0.0648339;0.000125293;-0.00318959;-0.000255176
-0.0656034;0.000123548;-0.00336729;-0.000228111
-0.0662258;0.00012208;-0.00350916;-0.000201644
-0.0667035;0.00012084;-0.0036147;-0.000175881
-0.067039;0.000119784;-0.0036838;-0.000150915
-0.0672349;0.000118871;-0.00371666;-0.000126828
-0.0672942;0.000118062;-0.00371379;-0.000103693
-0.0672201;0.000117323;-0.00367601;-8.15723e-005
-0.0670157;0.000116623;-0.00344869;-6.05177e-005
-0.0666847;0.000115934;-0.00306951;-4.0572e-005
-0.0662306;0.000115232;-0.00267197;-2.17687e-005
-0.0656572;0.000114495;-0.00226214;-4.13286e-006
-0.0649686;0.000113707;-0.00184781;1.23192e-005
-0.0641688;0.000112853;-0.00143626;2.7579e-005
-0.063262;0.000111919;-0.00121365;4.16446e-005
-0.0622525;0.000110898;-0.00100759;5.45202e-005
-0.0611447;0.000109783;-0.000806991;6.62167e-005
-0.0599431;0.000108569;-0.000613169;7.67506e-005
-0.0586524;0.000107255;-0.000427186;8.61435e-005
-0.0572771;0.000105839;-0.000249975;9.4422e-005
-0.055822;0.000104324;-8.23358e-005;0.000101617
-0.0542918;0.000102713;7.50796e-005;0.000107763
-0.0526913;0.00010101;0.000221846;0.000112899
-0.0510252;9.92209e-005;0.000357521;0.000117064
-0.0492985;9.73519e-005;0.00048175;0.000120304
-0.047516;9.54104e-005;0.000594289;0.000122663
-0.0456824;9.34044e-005;0.000694998;0.000124189
-0.0438026;9.13423e-005;0.000783838;0.00012493
-0.0418814;8.92326e-005;0.000860861;0.000124937
-0.0399234;8.70842e-005;0.00092621;0.000124259
-0.0379335;8.49059e-005;0.000980108;0.000122948
-0.0359163;8.27066e-005;0.00102285;0.00012543
-0.0338764;8.04949e-005;0.00105481;0.000129313
-0.0318183;7.8279e-005;0.00107642;0.000133236
-0.0297466;7.60671e-005;0.00115284;0.000137023
-0.0276655;7.38666e-005;0.0012868;0.000140526
-0.0255795;7.16848e-005;0.0014029;0.000143632
-0.0234926;6.95283e-005;0.00150072;0.000146285
-0.0214091;6.74032e-005;0.00157938;0.000148418
-0.019333;6.5315e-005;0.00163817;0.000146561
-0.017268;6.32687e-005;0.00167657;0.000127194
-0.0152182;6.12686e-005;0.00169424;0.000108694
-0.013187;5.93186e-005;0.00169109;9.11919e-005
-0.011178;5.74219e-005;0.0014681;7.5259e-005
-0.00919473;5.55811e-005;0.00120354;6.11239e-005
-0.00724038;5.37983e-005;0.000929578;5.0445e-005
-0.00531813;5.20752e-005;0.00065313;4.38554e-005
-0.00343099;5.04128e-005;0.000441248;3.74583e-005
-0.00158182;4.88117e-005;0.000349131;3.12978e-005
0.00022664;4.72721e-005;0.0002593;2.53911e-005
0.00199181;4.57937e-005;0.000173265;1.97531e-005
0.00371124;4.43761e-005;9.14481e-005;1.43961e-005
0.00538265;4.30181e-005;1.42166e-005;9.33012e-006
0.00700389;4.17187e-005;-5.81367e-005;4.56276e-006
0.00857298;4.04763e-005;-0.000125385;9.9575e-008
0.0100881;3.92892e-005;-0.000187328;-4.05599e-006
0.0115474;3.81555e-005;-0.00024382;-7.90242e-006
0.0129496;3.70732e-005;-0.000294766;-1.14399e-005
0.0142931;3.60399e-005;-0.000340119;-1.46704e-005
0.0155767;3.50535e-005;-0.00037988;-1.75973e-005
0.0167993;3.41116e-005;-0.000414094;-2.02255e-005
0.01796;3.32118e-005;-0.000442845;-2.25611e-005
0.0190579;3.23516e-005;-0.000466255;-2.46115e-005
0.0200924;3.15287e-005;-0.000484481;-2.63851e-005
0.021063;3.07407e-005;-0.000511983;-2.78913e-005
0.0219692;2.99852e-005;-0.000551034;-2.91401e-005
0.0228109;2.92601e-005;-0.000583858;-3.01425e-005
0.0235878;2.8563e-005;-0.000610436;-3.091e-005
0.0243;2.78918e-005;-0.000630655;-3.14544e-005
0.0249476;2.72447e-005;-0.000644465;-3.08365e-005
0.025531;2.66196e-005;-0.000651873;-2.90365e-005
0.0260504;2.60148e-005;-0.000652945;-2.71756e-005
0.0265063;2.54285e-005;-0.000647807;-2.52748e-005
0.0268994;2.48593e-005;-0.000619655;-2.33585e-005
0.0272305;2.43058e-005;-0.000553379;-2.14483e-005
0.0275002;2.37665e-005;-0.000483803;-1.9563e-005
0.0277095;2.32403e-005;-0.000411842;-1.77186e-005
0.0278595;2.27261e-005;-0.000338903;-1.59288e-005
0.0279513;2.2223e-005;-0.000266291;-1.42049e-005
0.027986;2.17301e-005;-0.000220007;-1.47026e-005
0.027965;2.12466e-005;-0.000183832;-1.54353e-005
0.0278896;2.07719e-005;-0.000148461;-1.60694e-005
0.0277612;2.03055e-005;-0.000114199;-1.66102e-005
0.0275814;1.98468e-005;-8.12449e-005;-1.70626e-005
0.0273517;1.93956e-005;-4.97727e-005;-1.74311e-005
0.0270738;1.89514e-005;-1.99348e-005;-1.77195e-005
0.0267493;1.8514e-005;8.13956e-006;-1.79315e-005
0.02638;1.80833e-005;3.43469e-005;-1.80706e-005
0.0259677;1.76591e-005;5.8602e-005;-1.814e-005
0.0255141;1.72413e-005;8.08389e-005;-1.81427e-005
0.0250212;1.68299e-005;0.000101012;-1.71653e-005
0.0244909;1.64249e-005;0.000119094;-1.61282e-005
0.0239251;1.60262e-005;0.000135076;-1.50735e-005
0.0233258;1.5634e-005;0.000148968;-1.40079e-005
0.0226948;1.52484e-005;0.000160792;-1.29381e-005
0.0220343;1.48692e-005;0.000170589;-1.18702e-005
0.0213461;1.44968e-005;0.000178411;-1.08101e-005
0.0206324;1.41311e-005;0.000184322;-9.76298e-006
0.0198951;1.37723e-005;0.000188399;-8.73382e-006
0.0191362;1.34203e-005;0.00019796;-7.72704e-006
0.0183577;1.30755e-005;0.000222083;-6.74664e-006
0.0175616;1.27377e-005;0.000243071;-5.79622e-006
0.0167499;1.2407e-005;0.000260885;-4.87895e-006
0.0159246;1.20836e-005;0.000275359;-3.99762e-006
0.0150876;1.17674e-005;0.00028636;-3.15461e-006
0.0142408;1.14586e-005;0.000293787;-2.35194e-006
0.0133861;1.11571e-005;0.000297575;-1.59124e-006
0.0125253;1.08628e-005;0.000297693;-8.7384e-007
0.0116604;1.05759e-005;0.000266009;-2.00704e-007
0.0107931;1.02962e-005;0.000219763;4.27498e-007
0.00992518;1.00238e-005;0.000171814;1.0104e-006
0.00905832;9.75856e-006;0.000123218;1.54789e-006
0.00819422;9.50041e-006;8.03461e-005;2.04014e-006
0.00733451;9.24926e-006;6.41623e-005;2.48753e-006
0.00648077;9.00504e-006;4.83037e-005;2.8907e-006
0.00563454;8.76762e-006;3.30881e-005;3.25045e-006
0.0047973;8.53688e-006;1.85929e-005;3.56778e-006
0.00397048;8.3127e-006;4.88573e-006;3.84385e-006
0.00315546;8.09494e-006;-7.97639e-006;4.07999e-006
0.00235355;7.88345e-006;-1.99474e-005;4.27763e-006
0.00156603;7.67807e-006;-3.09904e-005;4.43832e-006
0.000794089;7.47866e-006;-4.10778e-005;4.56372e-006
3.88798e-005;7.28504e-006;-5.01917e-005;4.65555e-006
-0.000698512;7.09706e-006;-5.83225e-005;4.71561e-006
-0.00141706;6.91454e-006;-6.54694e-005;4.74575e-006
-0.0021158;6.73732e-006;-7.16391e-005;4.74785e-006
-0.00279384;6.56523e-006;-7.68457e-005;4.72383e-006
-0.00345033;6.3981e-006;-8.111e-005;4.6756e-006
-0.00408449;6.23576e-006;-8.44587e-005;4.7448e-006
-0.0046956;6.07804e-006;-8.83993e-005;4.89088e-006
-0.00528302;5.92479e-006;-9.54566e-005;5.03912e-006
-0.00584616;5.77584e-006;-0.00010142;5.18283e-006
-0.00638447;5.63104e-006;-0.000106293;5.31635e-006
-0.0068975;5.49024e-006;-0.000110054;5.43733e-006
-0.00738484;5.35328e-006;-0.000112691;5.54078e-006
-0.00784614;5.22004e-006;-0.000114203;5.62338e-006
-0.0082811;5.09037e-006;-0.000114599;5.63842e-006
-0.00868951;4.96413e-006;-0.0001139;4.89928e-006
-0.00907118;4.84121e-006;-0.00011079;4.19319e-006
-0.009426;4.72149e-006;-9.9262e-005;3.52402e-006
-0.00975392;4.60484e-006;-8.71366e-005;2.91026e-006
-0.0100549;4.49116e-006;-7.45488e-005;2.36684e-006
-0.0103291;4.38035e-006;-6.17494e-005;1.93678e-006
-0.0105764;4.27231e-006;-4.89711e-005;1.68585e-006
-0.0107972;4.16694e-006;-3.97168e-005;1.44203e-006
-0.0109915;4.06415e-006;-3.33562e-005;1.20715e-006
-0.0111596;3.96387e-006;-2.71185e-005;9.81869e-007
-0.0113019;3.86602e-006;-2.10679e-005;7.66758e-007
-0.0114186;3.77052e-006;-1.52401e-005;5.62295e-007
-0.0115101;3.6773e-006;-9.66652e-006;3.68865e-007
-0.0115769;3.5863e-006;-4.37495e-006;1.86767e-007
-0.0116193;3.49745e-006;6.11041e-007;1.62171e-008
-0.011638;3.4107e-006;5.27186e-006;-1.42646e-007
-0.0116333;3.326e-006;9.59167e-006;-2.89757e-007
-0.011606;3.24329e-006;1.35583e-005;-4.2512e-007
-0.0115565;3.16253e-006;1.71631e-005;-5.48802e-007
-0.0114855;3.08366e-006;2.04008e-005;-6.60931e-007
-0.0113936;3.00664e-006;2.32695e-005;-7.61688e-007
-0.0112816;2.93144e-006;2.57702e-005;-8.51303e-007
-0.01115;2.85802e-006;2.79068e-005;-9.30054e-007
-0.0109997;2.78633e-006;2.96858e-005;-9.98257e-007
-0.0108314;2.71634e-006;3.1116e-005;-1.05626e-006
-0.0106458;2.64801e-006;3.22086e-005;-1.10446e-006
-0.0104436;2.58131e-006;3.29766e-005;-1.14326e-006
-0.0102258;2.51622e-006;3.40094e-005;-1.17309e-006
-0.00999309;2.45269e-006;3.83374e-005;-1.19441e-006
-0.00974626;2.39069e-006;4.21151e-005;-1.17624e-006
-0.00948615;2.3302e-006;4.5341e-005;-1.10808e-006
-0.00921358;2.27119e-006;4.7985e-005;-1.03756e-006
-0.00892939;2.21362e-006;5.00226e-005;-9.65443e-007
-0.0086344;2.15747e-006;5.14349e-005;-8.92676e-007
-0.00832946;2.1027e-006;5.22093e-005;-8.20083e-007
-0.00801539;2.0493e-006;5.23396e-005;-7.48384e-007
-0.00769302;1.99723e-006;4.80449e-005;-6.78198e-007
-0.0073632;1.94647e-006;3.99785e-005;-6.10047e-007
-0.00702674;1.89698e-006;3.16018e-005;-5.44368e-007
-0.00668446;1.84875e-006;2.30725e-005;-5.5721e-007
-0.00633716;1.80173e-006;1.46169e-005;-5.85328e-007
-0.00598566;1.75591e-006;1.17484e-005;-6.09685e-007
-0.00563074;1.71126e-006;8.95049e-006;-6.30485e-007
-0.00527317;1.66776e-006;6.26223e-006;-6.47914e-007
-0.00491373;1.62537e-006;3.69775e-006;-6.62137e-007
-0.00455316;1.58407e-006;1.2693e-006;-6.73309e-007
-0.00419219;1.54383e-006;-1.01272e-006;-6.81568e-007
-0.00383155;1.50463e-006;-3.13976e-006;-6.87046e-007
-0.00347193;1.46645e-006;-5.10502e-006;-6.89866e-007
-0.00311402;1.42925e-006;-6.9034e-006;-6.90142e-007
-0.00275847;1.39302e-006;-8.53143e-006;-6.55639e-007
-0.00240594;1.35772e-006;-9.98723e-006;-6.16258e-007
-0.00205704;1.32334e-006;-1.12704e-005;-5.76199e-007
-0.00171236;1.28985e-006;-1.23818e-005;-5.35708e-007
-0.00137249;1.25723e-006;-1.33239e-005;-4.95036e-007
-0.00103798;1.22545e-006;-1.40999e-005;-4.54422e-007
-0.000709357;1.19449e-006;-1.47146e-005;-4.14085e-007
-0.000387128;1.16433e-006;-1.52499e-005;-3.7423e-007
-7.17743e-005;1.13495e-006;-1.65219e-005;-3.35042e-007
0.000236249;1.10633e-006;-1.76018e-005;-2.96693e-007
0.00053651;1.07844e-006;-1.84915e-005;-2.59335e-007
0.000828604;1.05127e-006;-1.91866e-005;-2.23108e-007
0.00111215;1.0248e-006;-1.9685e-005;-1.88132e-007
0.0013868;9.99007e-007;-1.99861e-005;-1.54514e-007
0.00165221;9.73872e-007;-2.00911e-005;-1.22348e-007
0.0019081;9.49378e-007;-2.00033e-005;-9.17087e-008
0.00215418;9.25508e-007;-1.97273e-005;-6.26618e-008
0.00239019;9.02244e-007;-1.77794e-005;-3.52573e-008
0.00261593;8.7957e-007;-1.56705e-005;-9.53354e-009
0.00283118;8.57471e-007;-1.34733e-005;1.44834e-008
0.00303578;8.3593e-007;-1.12315e-005;3.67784e-008
0.00322956;8.14932e-007;-8.98639e-006;5.7347e-008
0.00341242;7.94464e-007;-7.16284e-006;7.61945e-008
0.00358425;7.7451e-007;-6.04533e-006;9.33353e-008
0.00374497;7.55057e-007;-4.94632e-006;1.08792e-007
0.00389453;7.36092e-007;-3.87891e-006;1.22596e-007
0.00403291;7.17602e-007;-2.84948e-006;1.34783e-007
0.00416009;6.99574e-007;-1.8637e-006;1.45399e-007
0.00427609;6.81997e-007;-9.26559e-007;1.54492e-007
0.00438095;6.64858e-007;-4.23171e-008;1.62116e-007
0.00447473;6.48147e-007;7.85444e-007;1.68332e-007
0.0045575;6.31853e-007;1.55382e-006;1.732e-007
0.00462937;6.15965e-007;2.26056e-006;1.76787e-007
0.00469044;6.00472e-007;2.90405e-006;1.79161e-007
0.00474086;5.85365e-007;3.48327e-006;1.80391e-007
0.00478079;5.70635e-007;3.99776e-006;1.80551e-007
0.00481038;5.56271e-007;4.44763e-006;1.79711e-007
0.00482983;5.42265e-007;4.83347e-006;1.77946e-007
0.00483934;5.28608e-007;5.15635e-006;1.79925e-007
0.00483912;5.15291e-007;5.41775e-006;1.85463e-007
0.00482941;5.02306e-007;5.61957e-006;1.91099e-007
0.00481046;4.89645e-007;5.76404e-006;1.96579e-007
0.00478251;4.773e-007;5.85368e-006;2.01757e-007
0.00474583;4.65263e-007;6.60024e-006;2.06427e-007
0.00470071;4.53527e-007;7.27959e-006;2.10408e-007
0.00464743;4.42084e-007;7.86291e-006;2.13605e-007
0.00458629;4.30928e-007;8.34503e-006;2.15962e-007
0.0045176;4.20051e-007;8.72146e-006;1.8841e-007
0.00444167;4.09446e-007;8.98872e-006;1.61472e-007
0.00435882;3.99108e-007;9.14437e-006;1.35912e-007
0.00426937;3.89029e-007;9.18712e-006;1.12329e-007
0.00417367;3.79203e-007;8.66912e-006;9.15027e-008
0.00407204;3.69625e-007;7.26498e-006;7.4376e-008
0.00396483;3.60287e-007;5.80433e-006;6.48167e-008
0.00385237;3.51184e-007;4.30965e-006;5.55209e-008
0.00373502;3.42311e-007;2.82125e-006;4.65627e-008
0.00361312;3.33662e-007;2.1483e-006;3.79678e-008
0.00348701;3.25231e-007;1.65521e-006;2.97582e-008
0.00335705;3.17012e-007;1.17948e-006;2.19523e-008
0.00322358;3.09002e-007;7.25084e-007;1.45649e-008
0.00308694;3.01193e-007;2.94238e-007;7.60764e-009
0.00294748;2.93583e-007;-1.11177e-007;1.08906e-009
0.00280554;2.86164e-007;-4.89602e-007;-4.9854e-009
0.00266145;2.78934e-007;-8.39786e-007;-1.06131e-008
0.00251556;2.71886e-007;-1.16078e-006;-1.57939e-008
0.00236818;2.65017e-007;-1.45194e-006;-2.05303e-008
0.00221965;2.58322e-007;-1.71287e-006;-2.4827e-008
0.00207028;2.51796e-007;-1.94346e-006;-2.86905e-008
0.00192039;2.45436e-007;-2.14385e-006;-3.21298e-008
0.00177028;2.39236e-007;-2.31439e-006;-3.5155e-008
0.00162025;2.33194e-007;-2.45565e-006;-3.77782e-008
0.00147059;2.27305e-007;-2.5684e-006;-4.00126e-008
0.0013216;2.21564e-007;-2.65359e-006;-4.18728e-008
0.00117354;2.15969e-007;-2.86755e-006;-4.33743e-008
0.00102668;2.10516e-007;-3.06295e-006;-4.45337e-008
0.000881293;2.05201e-007;-3.22496e-006;-4.53681e-008
0.000737617;2.0002e-007;-3.3529e-006;-4.49146e-008
0.000595898;1.9497e-007;-3.44631e-006;-4.23309e-008
0.000456366;1.90048e-007;-3.50505e-006;-3.96553e-008
0.000319245;1.8525e-007;-3.52929e-006;-3.69164e-008
0.000184747;1.80574e-007;-3.51952e-006;-3.41501e-008
5.30719e-005;1.76016e-007;-3.47654e-006;-3.13882e-008
-7.55872e-005;1.71572e-007;-3.18399e-006;-2.86585e-008
-0.00020105;1.67241e-007;-2.81647e-006;-2.59846e-008
-0.000323145;1.63019e-007;-2.43284e-006;-2.33868e-008
-0.000441713;1.58904e-007;-2.04006e-006;-2.08818e-008
-0.000556604;1.54893e-007;-1.6455e-006;-2.11032e-008
-0.000667681;1.50982e-007;-1.29208e-006;-2.21834e-008
-0.000774816;1.4717e-007;-1.09562e-006;-2.31199e-008
-0.000877892;1.43455e-007;-9.01889e-007;-2.39206e-008
