P;PID;FLC;FLC3
1;1;1;1
1;1;1;1
1;1;1;1
0.999769;0.990931;1;1
0.999107;0.973784;0.999283;0.999679
0.997846;0.94949;0.997232;0.998761
0.995842;0.918966;0.993322;0.99701
0.992978;0.883112;0.987112;0.99423
0.989155;0.842796;0.978231;0.990254
0.984294;0.798854;0.966377;0.984946
0.978334;0.752079;0.9513;0.978196
0.971226;0.70322;0.932805;0.969916
0.962938;0.652976;0.910738;0.960036
0.953447;0.601993;0.884987;0.948507
0.942743;0.550864;0.855473;0.935293
0.930825;0.500127;0.822145;0.920372
0.917698;0.450263;0.784981;0.903733
0.903378;0.401698;0.743979;0.885376
0.887886;0.354802;0.69925;0.865309
0.871249;0.309892;0.651115;0.843548
0.853499;0.267234;0.600059;0.820115
0.834674;0.227042;0.546891;0.795036
0.814815;0.189486;0.492888;0.768344
0.793967;0.154688;0.439157;0.740074
0.772177;0.122731;0.386649;0.710264
0.749496;0.0936586;0.336175;0.678955
0.725978;0.0674788;0.288427;0.646189
0.701675;0.0441686;0.243983;0.612235
0.676646;0.0236762;0.203328;0.577556
0.650946;0.00592487;0.166857;0.542623
0.624636;-0.00918424;0.134652;0.507863
0.597774;-0.0217685;0.10658;0.473651
0.57042;-0.0319607;0.0824466;0.440317
0.542634;-0.0399066;0.0620176;0.408141
0.514476;-0.0457613;0.0450179;0.377363
0.486007;-0.0496873;0.0311759;0.348184
0.457285;-0.0518518;0.0202421;0.320766
0.42837;-0.0524242;0.0119744;0.29522
0.39932;-0.0515745;0.00611467;0.271598
0.370193;-0.049471;0.00241935;0.249919
0.341046;-0.0462787;0.000657469;0.23017
0.311935;-0.042158;0.000608339;0.212296
0.282914;-0.0372634;0.00206038;0.196215
0.254037;-0.031742;0.00481063;0.181818
0.225355;-0.0257333;0.00866501;0.168975
0.196919;-0.0193677;0.013437;0.157553
0.168778;-0.0127666;0.0189482;0.147428
0.140979;-0.00604159;0.025029;0.138479
0.113568;0.000705726;0.0315192;0.130594
0.0865892;0.00738382;0.0382689;0.123665
0.0600841;0.0139112;0.0451389;0.117594
0.0340931;0.0202166;0.0520017;0.112286
0.00865462;0.0262381;0.0587417;0.107653
-0.0161949;0.0319237;0.0652551;0.103615
-0.0404211;0.0372304;0.0714499;0.100094
-0.0639915;0.0421237;0.0772459;0.0970195
-0.0868757;0.0465777;0.082574;0.0943261
-0.109045;0.0505738;0.0873758;0.0919528
-0.130474;0.0541008;0.0916031;0.0898438
-0.151137;0.057154;0.0952173;0.0879484
-0.171012;0.0597345;0.0981903;0.0862205
-0.19008;0.0618489;0.100504;0.0846186
-0.208322;0.0635085;0.102148;0.0831058
-0.225722;0.0647289;0.103123;0.0816496
-0.242266;0.065529;0.103438;0.0802215
-0.257942;0.0659308;0.103108;0.078797
-0.272739;0.065959;0.102159;0.0773552
-0.28665;0.0656399;0.100625;0.0758789
-0.299668;0.0650015;0.0985469;0.0743541
-0.311789;0.0640727;0.0959715;0.0727699
-0.323011;0.062883;0.0929479;0.071118
-0.333332;0.0614621;0.0895265;0.0693931
-0.342754;0.0598396;0.0857579;0.0675921
-0.35128;0.0580446;0.0816918;0.0657138
-0.358915;0.0561054;0.0773764;0.0637593
-0.365663;0.0540494;0.072858;0.061731
-0.371534;0.0519028;0.0681805;0.0596331
-0.376537;0.0496903;0.0633851;0.0574707
-0.380681;0.0474353;0.0585107;0.0552502
-0.38398;0.0451593;0.0535932;0.0529788
-0.386447;0.0428825;0.048666;0.0506643
-0.388098;0.0406229;0.04376;0.0483151
-0.388947;0.0383969;0.0389038;0.0459399
-0.389012;0.0362191;0.0341237;0.0435476
-0.388313;0.0341024;0.0294442;0.0411472
-0.386867;0.0320578;0.0248874;0.0387476
-0.384697;0.0300945;0.0204738;0.0363576
-0.381823;0.0282204;0.0162221;0.0339859
-0.378267;0.0264414;0.0121491;0.0316406
-0.374053;0.0247622;0.00827005;0.0293296
-0.369205;0.0231859;0.0045984;0.0270604
-0.363747;0.0217145;0.00114609;0.0248398
-0.357705;0.0203487;-0.00207657;0.0226743
-0.351103;0.0190881;-0.00506092;0.0205699
-0.343969;0.0179312;-0.00779987;0.0185319
-0.336328;0.0168759;-0.0102878;0.0165652
-0.328208;0.0159191;-0.0125207;0.0146738
-0.319637;0.0150571;-0.014496;0.0128616
-0.310641;0.0142856;-0.0162128;0.0111314
-0.301249;0.0135999;-0.0176716;0.00948594
-0.291488;0.012995;-0.0188749;0.0079271
-0.281386;0.0124654;-0.0198261;0.00645633
-0.270971;0.0120056;-0.0205305;0.00507453
-0.26027;0.0116099;-0.0209949;0.00378208
-0.249313;0.0112726;-0.0212284;0.00257889
-0.238126;0.0109879;-0.0212427;0.00146442
-0.226736;0.0107503;-0.0210516;0.000437716
-0.215172;0.0105541;-0.0206707;-0.000502585
-0.203459;0.0103941;-0.0201174;-0.0013582
-0.191624;0.0102651;-0.0194095;-0.00213116
-0.179693;0.0101623;-0.0185648;-0.00282399
-0.167693;0.0100809;-0.0176009;-0.00343973
-0.155647;0.0100169;-0.0165352;-0.00398185
-0.143582;0.00996601;-0.0153844;-0.00445412
-0.13152;0.00992469;-0.0141648;-0.00486059
-0.119486;0.00988956;-0.0128917;-0.00520546
-0.107503;0.0098576;-0.0115798;-0.00549304
-0.0955926;0.00982613;-0.0102429;-0.00572769
-0.0837768;0.00979278;-0.00889394;-0.00591373
-0.0720765;0.00975551;-0.00754507;-0.00605504
-0.060512;0.00971258;-0.00620759;-0.0061551
-0.0491027;0.00966256;-0.0048919;-0.00621702
-0.0378673;0.00960429;-0.00360758;-0.00624366
-0.0268238;0.00953687;-0.00236331;-0.00623758
-0.0159893;0.00945965;-0.00116694;-0.00620115
-0.00538019;0.00937222;-2.54506e-005;-0.00613655
0.00498816;0.00927436;0.00105503;-0.00604583
0.0151011;0.00916605;0.0020692;-0.00593106
0.0249447;0.00904743;0.00301259;-0.00579432
0.0345062;0.00891881;0.00388065;-0.00563768
0.0437734;0.00878062;0.0046689;-0.0054632
0.0527351;0.0086334;0.0053731;-0.00527291
0.0613809;0.00847778;0.00598936;-0.00506879
0.0697015;0.00831447;0.00651432;-0.00485278
0.077688;0.00814425;0.00694516;-0.00462675
0.0853329;0.00796793;0.00727975;-0.00439252
0.0926292;0.00778637;0.0075167;-0.00415183
0.0995707;0.00760042;0.00765581;-0.00390634
0.106152;0.00741096;0.00769916;-0.00365765
0.11237;0.00721884;0.00765094;-0.00340724
0.118219;0.00702492;0.00751723;-0.00315653
0.123698;0.00683002;0.00730572;-0.00290685
0.128804;0.00663492;0.00702482;-0.00265941
0.133537;0.00644038;0.00668284;-0.00241535
0.137895;0.00624711;0.00628794;-0.00217573
0.141879;0.00605575;0.00584809;-0.00194149
0.145491;0.00586692;0.00537097;-0.00171349
0.148731;0.00568118;0.00486399;-0.00149251
0.151602;0.00549901;0.00433417;-0.00127923
0.154108;0.00532086;0.00378821;-0.00107425
0.156253;0.00514711;0.00323241;-0.000878081
0.158039;0.00497808;0.00267266;-0.000691158
0.159473;0.00481406;0.00211446;-0.000513837
0.16056;0.00465525;0.00156289;-0.000346399
0.161306;0.00450183;0.00102261;-0.000189053
0.161718;0.00435392;0.000497851;-4.19405e-005
0.161803;0.00421159;-7.58683e-006;9.48594e-005
0.161568;0.00407487;-0.000490322;0.00022133
0.161022;0.00394375;-0.000947396;0.000337509
0.160172;0.00381818;-0.00137626;0.000443464
0.159028;0.00369809;-0.00177457;0.000539275
0.1576;0.00358337;-0.0021402;0.000625034
0.155895;0.00347389;-0.00247129;0.00070084
0.153925;0.00336949;-0.00276626;0.000766805
0.1517;0.00326999;-0.00302382;0.000823048
0.149229;0.00317521;-0.00324298;0.000869702
0.146525;0.00308493;-0.00342309;0.000906911
0.143596;0.00299895;-0.0035638;0.000934834
0.140455;0.00291705;-0.00366508;0.000953759
0.137113;0.002839;-0.00372756;0.000964095
0.133581;0.00276457;-0.00375247;0.000966345
0.129871;0.00269353;-0.00374155;0.000961088
0.125993;0.00262568;-0.00369705;0.000948951
0.12196;0.00256077;-0.00362158;0.00093059
0.117784;0.0024986;-0.00351803;0.000906652
0.113475;0.00243896;-0.00338931;0.00087776
0.109045;0.00238165;-0.0032383;0.000844517
0.104506;0.00232649;-0.00306788;0.000807501
0.09987;0.00227328;-0.00288088;0.000767265
0.0951475;0.00222186;-0.00268005;0.000724335
0.0903502;0.00217208;-0.00246807;0.000679212
0.0854892;0.00212379;-0.00224752;0.000632369
0.0805755;0.00207684;-0.00202083;0.00058425
0.0756202;0.00203112;-0.00179037;0.000535273
0.0706338;0.00198651;-0.00155831;0.000485826
0.0656269;0.00194292;-0.00132674;0.00043627
0.0606098;0.00190025;-0.00109757;0.000386939
0.0555926;0.00185842;-0.000872558;0.000338137
0.0505852;0.00181737;-0.000653331;0.000290143
0.0455971;0.00177702;-0.000441347;0.000243208
0.0406378;0.00173734;-0.000237911;0.00019756
0.0357161;0.00169828;-4.41722e-005;0.000153398
0.030841;0.0016598;0.000138873;0.000110899
0.0260209;0.00162187;0.000310381;7.02162e-005
0.0212638;0.00158448;0.000469655;3.14792e-005
0.0165778;0.00154761;0.000616009;-5.20323e-006
0.0119702;0.00151125;0.000748745;-3.9743e-005
0.00744832;0.0014754;0.000867187;-7.20718e-005
0.00301895;0.00144004;0.000970701;-0.000102141
-0.0013114;0.00140519;0.00105872;-0.000129933
-0.00553657;0.00137085;0.00113078;-0.000155454
-0.00965077;0.00133702;0.00118649;-0.000178733
-0.0136486;0.00130371;0.00122561;-0.000199818
-0.0175248;0.00127094;0.00124805;-0.000218774
-0.0212748;0.00123871;0.00125418;-0.00023568
-0.0248943;0.00120704;0.00124474;-0.000250624
-0.0283791;0.00117593;0.0012208;-0.000263705
-0.0317256;0.0011454;0.00118371;-0.000275026
-0.0349306;0.00111546;0.00113495;-0.000284688
-0.037991;0.00108612;0.00107594;-0.000292779
-0.0409044;0.00105738;0.00100808;-0.000299382
-0.0436685;0.00102925;0.000932746;-0.000304569
-0.0462814;0.00100175;0.000851255;-0.000308408
-0.0487415;0.000974875;0.000764873;-0.000310963
-0.0510477;0.000948627;0.000674812;-0.000312292
-0.053199;0.000923011;0.000582218;-0.000312449
-0.0551949;0.000898028;0.000488172;-0.000311488
-0.0570352;0.000873677;0.000393685;-0.000309459
-0.05872;0.000849955;0.000299694;-0.000306411
-0.0602496;0.00082686;0.000207064;-0.000302395
-0.0616247;0.000804385;0.000116582;-0.000297469
-0.0628462;0.000782524;2.89612e-005;-0.000291691
-0.0639155;0.00076127;-5.51643e-005;-0.000285124
-0.0648339;0.000740614;-0.000135235;-0.000277831
-0.0656034;0.000720546;-0.000210766;-0.000269878
-0.0662258;0.000701055;-0.000281319;-0.00026133
-0.0667035;0.000682128;-0.000346494;-0.000252254
-0.067039;0.000663754;-0.00040593;-0.000242715
-0.0672349;0.000645919;-0.000459312;-0.000232779
-0.0672942;0.00062861;-0.000506375;-0.000222509
-0.0672201;0.000611811;-0.000546907;-0.000211968
-0.0670157;0.000595509;-0.00058075;-0.000201218
-0.0666847;0.000579689;-0.000607802;-0.000190316
-0.0662306;0.000564334;-0.000628016;-0.000179319
-0.0656572;0.000549431;-0.000641442;-0.000168283
-0.0649686;0.000534964;-0.000648243;-0.000157257
-0.0641688;0.000520918;-0.000648684;-0.00014629
-0.063262;0.000507279;-0.000643121;-0.000135428
-0.0622525;0.00049403;-0.000631987;-0.000124714
-0.0611447;0.000481159;-0.000615778;-0.000114187
-0.0599431;0.000468651;-0.000594998;-0.000103883
-0.0586524;0.000456492;-0.000570153;-9.38357e-005
-0.0572771;0.000444669;-0.000541744;-8.40747e-005
-0.055822;0.00043317;-0.000510266;-7.4627e-005
-0.0542918;0.000421981;-0.000476203;-6.55161e-005
-0.0526913;0.000411092;-0.000440027;-5.67629e-005
-0.0510252;0.00040049;-0.000402194;-4.83848e-005
-0.0492985;0.000390165;-0.000363139;-4.03967e-005
-0.047516;0.000380107;-0.00032328;-3.28106e-005
-0.0456824;0.000370305;-0.00028301;-2.56357e-005
-0.0438026;0.000360751;-0.0002427;-1.88786e-005
-0.0418814;0.000351435;-0.000202694;-1.25436e-005
-0.0399234;0.00034235;-0.000163313;-6.63247e-006
-0.0379335;0.000333487;-0.000124847;-1.1449e-006
-0.0359163;0.00032484;-8.75626e-005;3.92153e-006
-0.0338764;0.0003164;-5.16962e-005;8.57116e-006
-0.0318183;0.000308163;-1.74578e-005;1.28101e-005
-0.0297466;0.000300121;1.497e-005;1.66452e-005
-0.0276655;0.00029227;4.54319e-005;2.00832e-005
-0.0255795;0.000284603;7.37987e-005;2.31313e-005
-0.0234926;0.000277115;9.99522e-005;2.57967e-005
-0.0214091;0.000269803;0.00012377;2.80864e-005
-0.019333;0.000262661;0.000145133;3.0008e-005
-0.017268;0.000255686;0.000163926;3.1569e-005
-0.0152182;0.000248873;0.000180046;3.27773e-005
-0.013187;0.000242219;0.000193403;3.36418e-005
-0.011178;0.00023572;0.000203926;3.41764e-005
-0.00919473;0.000229374;0.000211561;3.4399e-005
-0.00724038;0.000223176;0.00021628;3.43308e-005
-0.00531813;0.000217124;0.000218123;3.39948e-005
-0.00343099;0.000211214;0.000217201;3.34159e-005
-0.00158182;0.000205445;0.000213686;3.2619e-005
0.00022664;0.000199813;0.000207804;3.16281e-005
0.00199181;0.000194316;0.000199812;3.04665e-005
0.00371124;0.000188951;0.000189961;2.91564e-005
0.00538265;0.000183715;0.000178498;2.77192e-005
0.00700389;0.000178607;0.000165665;2.61751e-005
0.00857298;0.000173623;0.000151695;2.45432e-005
0.0100881;0.000168761;0.000136813;2.28419e-005
0.0115474;0.00016402;0.000121232;2.10882e-005
0.0129496;0.000159396;0.000105158;1.9298e-005
0.0142931;0.000154887;8.87823e-005;1.74865e-005
0.0155767;0.000150491;7.22855e-005;1.56674e-005
0.0167993;0.000146205;5.58354e-005;1.38535e-005
0.01796;0.000142028;3.95867e-005;1.20566e-005
0.0190579;0.000137957;2.36808e-005;1.02875e-005
0.0200924;0.000133989;8.24587e-006;8.55566e-006
0.021063;0.000130123;-6.60364e-006;6.86995e-006
0.0219692;0.000126356;-2.07666e-005;5.23806e-006
0.0228109;0.000122685;-3.4155e-005;3.6668e-006
0.0235878;0.000119109;-4.66907e-005;2.16207e-006
0.0243;0.000115626;-5.83016e-005;7.28922e-007
0.0249476;0.000112232;-6.89226e-005;-6.28429e-007
0.025531;0.000108927;-7.84964e-005;-1.90656e-006
0.0260504;0.000105707;-8.69743e-005;-3.10277e-006
0.0265063;0.000102571;-9.43164e-005;-4.21532e-006
0.0268994;9.95166e-005;-0.000100493;-5.24351e-006
0.0272305;9.65414e-005;-0.000105482;-6.18763e-006
0.0275002;9.36435e-005;-0.000109275;-7.04877e-006
0.0277095;9.08209e-005;-0.000111874;-7.82871e-006
0.0278595;8.80716e-005;-0.000113304;-8.52988e-006
0.0279513;8.53935e-005;-0.000113608;-9.15516e-006
0.027986;8.27849e-005;-0.000112845;-9.70786e-006
0.027965;8.02438e-005;-0.000111088;-1.01916e-005
0.0278896;7.77684e-005;-0.000108422;-1.06103e-005
0.0277612;7.53569e-005;-0.000104936;-1.09674e-005
0.0275814;7.30075e-005;-0.000100719;-1.12661e-005
0.0273517;7.07185e-005;-9.58586e-005;-1.15093e-005
0.0270738;6.84882e-005;-9.0442e-005;-1.16998e-005
0.0267493;6.6315e-005;-8.45548e-005;-1.18398e-005
0.02638;6.41974e-005;-7.82802e-005;-1.19316e-005
0.0259677;6.21338e-005;-7.16988e-005;-1.19774e-005
0.0255141;6.01227e-005;-6.48881e-005;-1.19792e-005
0.0250212;5.81627e-005;-5.79218e-005;-1.19389e-005
0.0244909;5.62523e-005;-5.08701e-005;-1.18583e-005
0.0239251;5.43902e-005;-4.37989e-005;-1.17392e-005
0.0233258;5.25752e-005;-3.67696e-005;-1.15835e-005
0.0226948;5.08058e-005;-2.98392e-005;-1.13935e-005
0.0220343;4.9081e-005;-2.306e-005;-1.11713e-005
0.0213461;4.73994e-005;-1.64795e-005;-1.09192e-005
0.0206324;4.576e-005;-1.01402e-005;-1.06396e-005
0.0198951;4.41616e-005;-4.08005e-006;-1.03351e-005
0.0191362;4.26032e-005;1.66813e-006;-1.0008e-005
0.0183577;4.10837e-005;7.07613e-006;-9.66092e-006
0.0175616;3.96021e-005;1.21204e-005;-9.29631e-006
0.0167499;3.81574e-005;1.67804e-005;-8.91663e-006
0.0159246;3.67486e-005;2.10345e-005;-8.52432e-006
0.0150876;3.5375e-005;2.48616e-005;-8.12173e-006
0.0142408;3.40355e-005;2.82412e-005;-7.71119e-006
0.0133861;3.27293e-005;3.11547e-005;-7.2949e-006
0.0125253;3.14556e-005;3.35859e-005;-6.87504e-006
0.0116604;3.02135e-005;3.55213e-005;-6.45363e-006
0.0107931;2.90024e-005;3.69511e-005;-6.03263e-006
0.00992518;2.78213e-005;3.78692e-005;-5.6139e-006
0.00905832;2.66697e-005;3.82804e-005;-5.19915e-006
0.00819422;2.55467e-005;3.82021e-005;-4.79001e-006
0.00733451;2.44517e-005;3.76625e-005;-4.38798e-006
0.00648077;2.3384e-005;3.67e-005;-3.99444e-006
0.00563454;2.23429e-005;3.53595e-005;-3.61064e-006
0.0047973;2.13278e-005;3.36851e-005;-3.23774e-006
0.00397048;2.03381e-005;3.17205e-005;-2.87676e-006
0.00315546;1.93731e-005;2.95082e-005;-2.52858e-006
0.00235355;1.84322e-005;2.70893e-005;-2.19402e-006
0.00156603;1.75149e-005;2.45035e-005;-1.87373e-006
0.000794089;1.66206e-005;2.17887e-005;-1.56829e-006
3.88798e-005;1.57488e-005;1.8981e-005;-1.27814e-006
-0.000698512;1.48988e-005;1.61147e-005;-1.00366e-006
-0.00141706;1.40702e-005;1.32217e-005;-7.4508e-007
-0.0021158;1.32624e-005;1.03318e-005;-5.02578e-007
-0.00279384;1.2475e-005;7.47262e-006;-2.76223e-007
-0.00345033;1.17074e-005;4.66937e-006;-6.60063e-008
-0.00408449;1.09592e-005;1.94493e-006;1.28162e-007
-0.0046956;1.02298e-005;-6.80192e-007;3.06446e-007
-0.00528302;9.51887e-006;-3.18784e-006;4.69074e-007
-0.00584616;8.8259e-006;-5.56219e-006;6.16307e-007
-0.00638447;8.15045e-006;-7.78936e-006;7.48415e-007
-0.0068975;7.49209e-006;-9.85652e-006;8.65667e-007
-0.00738484;6.85038e-006;-1.1752e-005;9.68339e-007
-0.00784614;6.22492e-006;-1.34655e-005;1.05671e-006
-0.0082811;5.6153e-006;-1.49882e-005;1.13106e-006
-0.00868951;5.02112e-006;-1.63129e-005;1.19169e-006
-0.00907118;4.44199e-006;-1.74339e-005;1.23888e-006
-0.009426;3.87753e-006;-1.83472e-005;1.27296e-006
-0.00975392;3.32738e-006;-1.90508e-005;1.29445e-006
-0.0100549;2.79118e-006;-1.95445e-005;1.30402e-006
-0.0103291;2.26855e-006;-1.9832e-005;1.30244e-006
-0.0105764;1.75918e-006;-1.99203e-005;1.29061e-006
-0.0107972;1.2627e-006;-1.98192e-005;1.26946e-006
-0.0109915;7.78804e-007;-1.95413e-005;1.23993e-006
-0.0111596;3.07162e-007;-1.9101e-005;1.20296e-006
-0.0113019;-1.52539e-007;-1.85141e-005;1.15942e-006
-0.0114186;-6.00604e-007;-1.77959e-005;1.11016e-006
-0.0115101;-1.03733e-006;-1.69621e-005;1.056e-006
-0.0115769;-1.46301e-006;-1.6028e-005;9.97703e-007
-0.0116193;-1.87792e-006;-1.50086e-005;9.36016e-007
-0.011638;-2.28235e-006;-1.39188e-005;8.71628e-007
-0.0116333;-2.67655e-006;-1.27725e-005;8.05194e-007
-0.011606;-3.0608e-006;-1.15837e-005;7.37325e-007
-0.0115565;-3.43535e-006;-1.03654e-005;6.68594e-007
-0.0114855;-3.80044e-006;-9.1299e-006;5.99532e-007
-0.0113936;-4.15632e-006;-7.88903e-006;5.30627e-007
-0.0112816;-4.50322e-006;-6.6537e-006;4.62331e-007
-0.01115;-4.84138e-006;-5.43403e-006;3.95054e-007
-0.0109997;-5.17102e-006;-4.23937e-006;3.29167e-007
-0.0108314;-5.49234e-006;-3.07819e-006;2.65004e-007
-0.0106458;-5.80558e-006;-1.95812e-006;2.02862e-007
-0.0104436;-6.11093e-006;-8.85944e-007;1.43003e-007
-0.0102258;-6.40859e-006;1.32409e-007;8.56537e-008
-0.00999309;-6.69876e-006;1.09185e-006;3.10091e-008
-0.00974626;-6.98162e-006;1.98811e-006;-2.07681e-008
-0.00948615;-7.25738e-006;2.81759e-006;-6.95453e-008
-0.00921358;-7.52619e-006;3.57652e-006;-1.15218e-007
-0.00892939;-7.78825e-006;4.26114e-006;-1.57716e-007
-0.0086344;-8.04371e-006;4.86782e-006;-1.97011e-007
-0.00832946;-8.29275e-006;5.39322e-006;-2.33111e-007
-0.00801539;-8.53553e-006;5.8344e-006;-2.66055e-007
-0.00769302;-8.77221e-006;6.1889e-006;-2.95909e-007
-0.0073632;-9.00293e-006;6.45488e-006;-3.22763e-007
-0.00702674;-9.22785e-006;6.63115e-006;-3.46725e-007
-0.00668446;-9.44712e-006;6.71814e-006;-3.67921e-007
-0.00633716;-9.66088e-006;6.71852e-006;-3.86488e-007
-0.00598566;-9.86926e-006;6.63699e-006;-4.0257e-007
-0.00563074;-1.00724e-005;6.47998e-006;-4.16305e-007
-0.00527317;-1.02704e-005;6.25535e-006;-4.27812e-007
-0.00491373;-1.04635e-005;5.97089e-006;-4.37204e-007
-0.00455316;-1.06517e-005;5.63427e-006;-4.44581e-007
-0.00419219;-1.08351e-005;5.25296e-006;-4.50034e-007
-0.00383155;-1.1014e-005;4.83422e-006;-4.53652e-007
-0.00347193;-1.11883e-005;4.38504e-006;-4.55513e-007
-0.00311402;-1.13583e-005;3.91214e-006;-4.55696e-007
-0.00275847;-1.15239e-005;3.4219e-006;-4.54272e-007
-0.00240594;-1.16854e-005;2.92037e-006;-4.51312e-007
-0.00205704;-1.18429e-005;2.41324e-006;-4.46883e-007
-0.00171236;-1.19964e-005;1.90578e-006;-4.41061e-007
-0.00137249;-1.2146e-005;1.40292e-006;-4.33924e-007
-0.00103798;-1.22918e-005;9.09126e-007;-4.25557e-007
-0.000709357;-1.2434e-005;4.28497e-007;-4.16048e-007
-0.000387128;-1.25725e-005;-3.53037e-008;-4.05489e-007
-7.17743e-005;-1.27076e-005;-4.79022e-007;-3.93973e-007
0.000236249;-1.28393e-005;-8.99812e-007;-3.81593e-007
0.00053651;-1.29676e-005;-1.29522e-006;-3.68446e-007
0.000828604;-1.30928e-005;-1.66295e-006;-3.54625e-007
0.00111215;-1.32147e-005;-2.00093e-006;-3.40225e-007
0.0013868;-1.33336e-005;-2.30731e-006;-3.25338e-007
0.00165221;-1.34495e-005;-2.5805e-006;-3.10053e-007
0.0019081;-1.35625e-005;-2.81916e-006;-2.9446e-007
0.00215418;-1.36726e-005;-3.02227e-006;-2.78642e-007
0.00239019;-1.37799e-005;-3.18908e-006;-2.62682e-007
0.00261593;-1.38846e-005;-3.31916e-006;-2.46657e-007
0.00283118;-1.39866e-005;-3.41238e-006;-2.30644e-007
0.00303578;-1.4086e-005;-3.46927e-006;-2.14711e-007
0.00322956;-1.41829e-005;-3.49094e-006;-1.98925e-007
0.00341242;-1.42774e-005;-3.47906e-006;-1.83347e-007
0.00358425;-1.43694e-005;-3.43574e-006;-1.68036e-007
0.00374497;-1.44592e-005;-3.36347e-006;-1.53044e-007
0.00389453;-1.45467e-005;-3.26497e-006;-1.3842e-007
0.00403291;-1.4632e-005;-3.14298e-006;-1.24206e-007
0.00416009;-1.47151e-005;-3.00023e-006;-1.10443e-007
0.00427609;-1.47962e-005;-2.8394e-006;-9.71648e-008
0.00438095;-1.48752e-005;-2.66316e-006;-8.44017e-008
0.00447473;-1.49522e-005;-2.47409e-006;-7.21799e-008
0.0045575;-1.50272e-005;-2.2747e-006;-6.0521e-008
0.00462937;-1.51004e-005;-2.06742e-006;-4.94427e-008
0.00469044;-1.51717e-005;-1.85457e-006;-3.89589e-008
0.00474086;-1.52412e-005;-1.63833e-006;-2.90795e-008
0.00478079;-1.5309e-005;-1.42079e-006;-1.9811e-008
0.00481038;-1.53751e-005;-1.20389e-006;-1.11565e-008
0.00482983;-1.54395e-005;-9.89433e-007;-3.11567e-009
0.00483934;-1.55023e-005;-7.7908e-007;4.31452e-009
0.00483912;-1.55634e-005;-5.74345e-007;1.11401e-008
0.00482941;-1.56231e-005;-3.76594e-007;1.73696e-008
0.00481046;-1.56812e-005;-1.87042e-007;2.3013e-008
0.00478251;-1.57379e-005;-6.75495e-009;2.80804e-008
0.00474583;-1.57932e-005;1.63348e-007;3.25823e-008
0.00470071;-1.5847e-005;3.22493e-007;3.65289e-008
0.00464743;-1.58995e-005;4.70049e-007;3.9931e-008
0.00458629;-1.59507e-005;6.05355e-007;4.27992e-008
0.0045176;-1.60006e-005;7.27747e-007;4.51445e-008
0.00444167;-1.60492e-005;8.36583e-007;4.69784e-008
0.00435882;-1.60966e-005;9.31265e-007;4.83125e-008
0.00426937;-1.61429e-005;1.01126e-006;4.91658e-008
0.00417367;-1.61879e-005;1.07613e-006;4.95634e-008
0.00407204;-1.62318e-005;1.12551e-006;4.95351e-008
0.00396483;-1.62746e-005;1.15919e-006;4.9114e-008
0.00385237;-1.63163e-005;1.17717e-006;4.83356e-008
0.00373502;-1.6357e-005;1.17984e-006;4.72362e-008
0.00361312;-1.63967e-005;1.16798e-006;4.58508e-008
0.00348701;-1.64353e-005;1.14265e-006;4.42132e-008
0.00335705;-1.6473e-005;1.10521e-006;4.23558e-008
0.00322358;-1.65097e-005;1.05701e-006;4.03097e-008
0.00308694;-1.65455e-005;9.99426e-007;3.81043e-008
0.00294748;-1.65804e-005;9.3376e-007;3.57677e-008
0.00280554;-1.66145e-005;8.61298e-007;3.33265e-008
0.00266145;-1.66476e-005;7.8328e-007;3.08056e-008
0.00251556;-1.66799e-005;7.00892e-007;2.82284e-008
0.00236818;-1.67115e-005;6.15267e-007;2.56169e-008
0.00221965;-1.67422e-005;5.27479e-007;2.29913e-008
0.00207028;-1.67721e-005;4.38536e-007;2.03703e-008
0.00192039;-1.68013e-005;3.49381e-007;1.77712e-008
0.00177028;-1.68298e-005;2.60886e-007;1.52097e-008
0.00162025;-1.68575e-005;1.73853e-007;1.27001e-008
0.00147059;-1.68845e-005;8.90125e-008;1.02551e-008
0.0013216;-1.69109e-005;7.02085e-009;7.88613e-009
0.00117354;-1.69366e-005;-7.15376e-008;5.60326e-009
0.00102668;-1.69616e-005;-1.46151e-007;3.41523e-009
0.000881293;-1.6986e-005;-2.16377e-007;1.32951e-009
0.000737617;-1.70098e-005;-2.81811e-007;-6.47608e-010
0.000595898;-1.7033e-005;-3.42078e-007;-2.511e-009
0.000456366;-1.70556e-005;-3.96847e-007;-4.2566e-009
0.000319245;-1.70777e-005;-4.4583e-007;-5.88165e-009
0.000184747;-1.70991e-005;-4.88786e-007;-7.38492e-009
5.30719e-005;-1.71201e-005;-5.25523e-007;-8.76661e-009
-7.55872e-005;-1.71405e-005;-5.55902e-007;-1.00281e-008
-0.00020105;-1.71604e-005;-5.79838e-007;-1.1172e-008
-0.000323145;-1.71798e-005;-5.97299e-007;-1.22014e-008
-0.000441713;-1.71987e-005;-6.08358e-007;-1.31207e-008
-0.000556604;-1.72171e-005;-6.13195e-007;-1.39343e-008
-0.000667681;-1.72351e-005;-6.12084e-007;-1.46475e-008
-0.000774816;-1.72526e-005;-6.05385e-007;-1.52659e-008
-0.000877892;-1.72697e-005;-5.93525e-007;-1.57946e-008
