
 Generation    Best        Average       Standard 
 number        value       fitness       deviation 
    1       4.164005212   16.665873681   12.170633538 
    2       4.164005212   13.657727322   11.476419129 
    3       0.718123826   10.721267790   8.968722560 
    4       0.716901379   8.289973579   8.036649717 
    5       0.185297109   9.313701399   10.068073955 
    6       0.116467810   11.168914473   13.228523535 
    7       0.116467810   11.124407876   13.107159166 
    8       0.116467810   7.571175477   7.392060873 
    9       0.116388764   8.954515272   12.338946449 
   10       0.116388764   6.714593541   11.010200823 
   11       0.111769331   8.130465636   13.947652620 
   12       0.111409981   6.441499140   6.425651115 
   13       0.016289600   5.996796276   5.599668908 
   14       0.016289600   4.460272700   5.459378509 
   15       0.016289600   6.179208104   11.049810482 
   16       0.016289600   9.493261730   12.868929596 
   17       0.016289600   6.948906586   6.366841071 
   18       0.016289600   7.597843759   7.040257051 
   19       0.016289600   7.223218031   12.978759554 
   20       0.016289600   6.443151054   6.665546937 
   21       0.016289600   6.427455161   8.877810108 
   22       0.015787570   7.166295759   12.507348784 
   23       0.008590205   7.468258508   10.566173921 
   24       0.008590205   9.605963544   12.911895033 
   25       0.008590205   7.742962956   9.812880707 
   26       0.008590205   5.417288844   7.388798625 
   27       0.008419699   5.106670405   8.312093255 
   28       0.008419699   5.576849214   6.238854333 
   29       0.004310593   6.927368954   6.118107075 
   30       0.004310593   8.951343610   10.495394293 
   31       0.004310593   7.428474329   14.668431350 
   32       0.004310593   4.348063040   7.157419119 
   33       0.004310593   5.373212678   8.301131476 
   34       0.004310593   8.622064203   14.742863624 
   35       0.004310593   5.047647999   8.281267613 
   36       0.004310593   10.509597506   15.959481975 
   37       0.004310593   7.023630828   9.115741811 
   38       0.004310593   7.137209042   8.124759890 
   39       0.004276624   7.360386443   8.085779521 
   40       0.004276624   9.497984353   9.556151513 
   41       0.004276624   9.960917211   10.657444769 
   42       0.004276624   9.124430620   13.439396402 
   43       0.004276624   6.427062758   7.686257527 
   44       0.004276624   5.446395201   6.020776695 
   45       0.004276624   4.301627799   4.541624192 
   46       0.004276624   6.207497694   13.162538294 
   47       0.004276624   6.974701230   11.534509197 
   48       0.004276624   6.932480728   9.702240740 
   49       0.004276624   5.351875645   7.426946924 
   50       0.004276624   5.011098233   7.723348483 
   51       0.004276624   7.531811447   10.755059295 
   52       0.004276624   6.122081067   10.975718670 
   53       0.004276624   5.701046402   7.226668353 
   54       0.004264327   6.645078001   7.827521560 
   55       0.004264327   5.770594110   7.710834205 
   56       0.004264327   4.801044856   7.079008808 
   57       0.004264327   5.088110850   7.289753947 
   58       0.004264327   5.575849059   8.912189487 
   59       0.004264327   4.337204185   7.480988420 
   60       0.004264327   3.133918065   4.405022416 
   61       0.004264327   4.073727732   4.923632722 
   62       0.004264327   5.021992664   7.806422714 
   63       0.004264327   4.780521290   7.099510064 
   64       0.004264327   6.081371485   7.765788383 
   65       0.004264327   8.712331373   13.234709210 
   66       0.004264327   7.811709196   12.277055691 
   67       0.004264327   8.721779915   14.435981228 
   68       0.004264327   8.567485084   13.437093121 
   69       0.004264327   11.016184113   15.885435472 
   70       0.004264327   11.235492060   13.032943037 
   71       0.004264327   12.064960414   13.885551611 
   72       0.004264327   9.745095959   14.800556995 
   73       0.004264327   6.196047894   8.838023609 
   74       0.004264327   5.903422646   10.885012486 
   75       0.004264327   5.738235264   7.927658116 
   76       0.004264327   5.903665840   7.649965173 
   77       0.004264327   5.852316717   9.895841175 
   78       0.004264327   4.502076214   5.386890625 
   79       0.004264327   4.152439041   4.764892219 
   80       0.004264327   7.276591532   12.764539568 
   81       0.004264327   8.960641896   12.758203740 
   82       0.004227192   10.269108612   15.482772613 
   83       0.004227192   5.622303028   7.578443961 
   84       0.004227192   4.337081628   4.891089130 
   85       0.004227192   5.085805414   8.381587775 
   86       0.004227192   6.409369445   7.303206879 
   87       0.004227192   5.976046482   8.390177310 
   88       0.004227192   8.112455321   9.548795204 
   89       0.004227192   7.806884344   11.028643709 
   90       0.004227192   10.758493376   13.205811873 
   91       0.004221370   10.642577144   13.386989344 
   92       0.004185416   12.628154127   16.451544175 
   93       0.004185416   12.119790077   13.635405145 
   94       0.004185416   11.185290037   10.830320776 
   95       0.004180420   7.374357626   7.822599594 
   96       0.004180420   6.901300910   7.138567893 
   97       0.004178215   8.876763563   9.028121139 
   98       0.004178215   7.326937706   8.115914888 
   99       0.004178215   7.257749779   8.577694728 
  100       0.004178215   9.683331286   12.395281720 
  101       0.004178215   9.480788437   11.705482254 
  102       0.004178215   7.057450205   8.047303120 
  103       0.004178215   6.010481283   8.111414596 
  104       0.004178215   6.864584055   8.442191456 
  105       0.004178215   8.286327114   9.890227222 
  106       0.004178215   5.394877154   8.824420571 
  107       0.004178215   6.740231610   13.060215786 
  108       0.004177186   6.832860809   11.702132446 
  109       0.004177186   7.689258410   13.160737943 
  110       0.004169734   7.013463068   12.076028387 
  111       0.004169734   5.548254232   9.810127766 
  112       0.004169734   5.630447877   6.102600908 
  113       0.004169734   4.064684772   5.044359593 
  114       0.002515286   5.302233304   7.146862602 
  115       0.002515286   5.020277934   6.861209345 
  116       0.002515286   6.135202178   9.145497669 
  117       0.002433400   6.728190852   11.747035777 
  118       0.002433400   7.371732181   10.555018182 
  119       0.002433400   8.666524310   13.867996775 
  120       0.002433400   5.694575116   11.893064455 
  121       0.002433400   6.215494883   9.543702885 
  122       0.002433400   4.248506083   7.367132497 
  123       0.002433400   4.455807553   6.567218562 
  124       0.002433400   6.533079728   7.788089592 
  125       0.002433400   5.368298429   8.323448508 
  126       0.002433400   8.523490892   15.371230383 
  127       0.002433400   7.028979336   11.552196518 
  128       0.002433400   8.995055937   15.147921850 
  129       0.002433400   6.086611460   11.494917258 
  130       0.002433400   5.470263850   10.948923177 
  131       0.002433400   4.723399918   7.763957953 
  132       0.002433400   5.249589322   8.094093138 
  133       0.002433400   6.047003562   10.251231034 
  134       0.002433400   3.677271070   9.005129707 
  135       0.002433400   2.927445350   2.387456755 
  136       0.002433400   3.746990722   6.867706968 
  137       0.002433400   4.002957371   4.896283502 
  138       0.002433400   4.156892360   4.657477967 
  139       0.002433400   6.449471210   11.343846103 
  140       0.002433400   9.251027470   10.924653207 
  141       0.002433400   8.445689135   10.174420137 
  142       0.002433400   10.478074188   15.752011307 
  143       0.002433400   5.265194139   6.643866896 
  144       0.002433400   8.115388219   8.099112042 
  145       0.002433400   9.225721473   10.513731533 
  146       0.002433400   12.813616357   13.000319878 
  147       0.002433400   10.787006537   11.692342872 
  148       0.002433400   8.279811953   8.817124797 
  149       0.002433400   8.187283383   10.343632215 
  150       0.002433400   6.172522990   6.807411713 
  151       0.002433400   7.694941769   11.389762180 
  152       0.002433400   11.235328026   15.424820510 
  153       0.002433400   10.521088303   13.496948121 
  154       0.002433400   9.935241612   10.882876813 
  155       0.002433400   7.198619281   13.391508003 
  156       0.002433400   4.915965486   5.310800691 
  157       0.002433400   6.125427814   12.213969695 
  158       0.002433400   7.922690270   14.855181087 
  159       0.002433400   5.963160246   6.324334603 
  160       0.002433400   7.470837759   10.640336754 
  161       0.002433400   9.936511766   15.446523258 
  162       0.002336556   7.886910821   10.508176789 
  163       0.002336556   4.591606988   4.718756786 
  164       0.002336556   5.326922360   5.923271030 
  165       0.002336556   4.241899679   5.555508961 
  166       0.002336556   6.580058679   10.729750929 
  167       0.002336556   5.802140972   8.787294585 
  168       0.002336556   4.215838442   5.569899468 
  169       0.002336556   5.597022817   6.646561385 
  170       0.002336556   3.313239818   4.787213749 
  171       0.002336556   4.367571504   7.210013536 
  172       0.002336556   3.933571298   8.786225725 
  173       0.002336556   5.611792430   13.521741093 
  174       0.002336556   4.904429388   12.975115223 
  175       0.002336556   3.238112332   9.094910860 
  176       0.002336556   4.141892533   8.160408437 
  177       0.002336556   2.822788884   5.702502007 
  178       0.002336556   4.803125653   7.412343467 
  179       0.002336556   5.167674079   10.438767705 
  180       0.002336556   6.364606679   10.063933602 
  181       0.002336556   8.676269702   13.035184483 
  182       0.002336556   7.100477765   10.924896357 
  183       0.002336556   8.546777872   12.382770062 
  184       0.000342860   4.473589608   9.868518199 
  185       0.000303092   4.993215671   9.490347637 
  186       0.000303092   4.156395892   8.211634315 
  187       0.000303092   6.068832033   10.170014766 
  188       0.000303092   12.555709194   16.028263203 
  189       0.000303092   9.006327547   11.296427441 
  190       0.000303092   6.226776457   9.544950268 
  191       0.000091812   6.315602608   8.193048138 
  192       0.000091812   8.044756959   11.796862520 
  193       0.000091812   6.419678798   8.639628995 
  194       0.000091812   12.189275554   14.231051226 
  195       0.000091812   9.301008382   11.714347523 
  196       0.000091812   11.831063213   13.058666031 
  197       0.000091812   10.453730934   11.833374201 
  198       0.000091812   9.498707901   9.873247192 
  199       0.000091812   8.593409107   11.830639815 
  200       0.000091812   8.427622280   9.935605637 
  201       0.000091812   10.404267450   10.280156151 
  202       0.000091812   8.002436014   7.771157420 
  203       0.000091812   10.649579699   9.552094256 
  204       0.000091812   11.889320947   12.250154466 
  205       0.000091812   9.889450444   10.342036573 
  206       0.000091812   11.789579672   13.672350336 
  207       0.000091812   10.423680258   12.567813737 
  208       0.000091812   6.457790199   10.781087993 
  209       0.000091812   4.309940641   8.234197645 
  210       0.000091812   6.579475119   13.336890818 
  211       0.000091812   3.706117827   7.593049421 
  212       0.000091812   3.885702374   5.086745422 
  213       0.000076666   3.733812020   5.885948658 
  214       0.000076666   4.376315952   5.457238655 
  215       0.000076666   5.352714114   9.898602733 
  216       0.000076666   6.110263933   13.296555381 
  217       0.000076666   6.249295854   11.989200605 
  218       0.000076666   4.541035661   9.290097131 
  219       0.000076666   8.892808558   19.175034934 
  220       0.000076666   3.973541727   9.602863047 
  221       0.000076666   4.676767944   8.034818712 
  222       0.000076666   3.754237699   6.992053744 
  223       0.000076666   9.701691881   12.498081211 
  224       0.000076666   8.274143861   12.342349132 
  225       0.000076666   9.331041743   11.592795217 
  226       0.000076666   10.540074071   12.535938491 
  227       0.000074258   12.586537496   17.331450255 
  228       0.000070723   11.140730132   14.644524501 
  229       0.000070723   6.685017062   10.025119605 
  230       0.000070723   5.897489602   8.816177085 
  231       0.000070723   11.742463369   14.355182020 
  232       0.000070723   8.867842299   12.707369987 
  233       0.000070723   12.931813854   17.622691294 
  234       0.000070723   7.995872090   10.961490412 
  235       0.000070723   7.174574527   11.345783442 
  236       0.000070723   8.680350373   12.491635338 
  237       0.000070723   10.039019170   11.829689871 
  238       0.000070723   8.407611497   9.102086208 
  239       0.000070723   7.130162684   6.603077823 
  240       0.000070723   9.772633977   15.331454634 
  241       0.000070723   6.649308264   10.922021255 
  242       0.000070723   5.657501918   7.383278089 
  243       0.000070723   7.202419181   12.768110341 
  244       0.000070338   6.754748160   9.128241398 
  245       0.000070338   5.228148511   10.603665702 
  246       0.000070338   3.228539980   5.354565598 
  247       0.000070338   5.530974463   8.490001362 
  248       0.000070338   6.317282670   8.195285959 
  249       0.000070338   4.144984406   7.185961037 
  250       0.000070338   7.281573174   13.777457702 
  251       0.000070338   4.945823369   8.775378375 
  252       0.000070338   5.584004626   7.971705259 
  253       0.000070338   4.457092516   6.650199059 
  254       0.000070338   2.831921122   5.027009994 
  255       0.000070338   6.746841010   13.398076216 
  256       0.000070338   7.989956352   11.607873340 
  257       0.000070338   6.225437585   10.043649931 
  258       0.000070338   4.060231003   8.607227789 
  259       0.000070338   3.830435355   9.720857129 
  260       0.000070338   4.449231187   9.194129256 
  261       0.000070338   3.874621893   7.839040660 
  262       0.000070338   3.983283207   13.689382652 
  263       0.000070338   2.324611128   6.385079162 
  264       0.000070338   5.421986482   14.765788093 
  265       0.000070338   4.473883228   10.079139160 
  266       0.000070338   4.868415026   9.449418556 
  267       0.000070338   3.998585965   5.811455731 
  268       0.000070338   6.636137629   7.051355858 
  269       0.000070338   5.375322105   10.736112101 
  270       0.000070338   4.791065393   13.417445812 
  271       0.000070338   5.943129348   13.465160713 
  272       0.000070338   4.412223919   7.420048873 
  273       0.000070338   5.278048666   8.935039888 
  274       0.000070338   4.351550622   7.197695429 
  275       0.000070338   5.109219754   10.409848687 
  276       0.000070338   5.538587549   10.462749232 
  277       0.000070338   8.402550997   12.216431535 
  278       0.000070338   7.887472022   9.731388973 
  279       0.000070338   5.724009738   8.843187747 
  280       0.000070338   6.659035542   8.197270956 
  281       0.000070338   5.648890087   7.141028719 
  282       0.000070338   4.735204395   6.862638086 
  283       0.000070338   4.206631213   6.146143235 
  284       0.000070338   6.398486916   8.993269235 
  285       0.000070338   7.094721069   12.112568481 
  286       0.000070338   8.173935933   6.702922766 
  287       0.000070338   6.808399191   7.108031808 
  288       0.000070338   6.477916722   6.251320309 
  289       0.000070338   5.759999204   7.250651338 
  290       0.000070338   6.788655751   8.312947079 
  291       0.000070338   4.616915961   10.505459759 
  292       0.000070338   5.511149089   10.758825362 
  293       0.000070338   5.743934314   11.081811624 
  294       0.000070338   4.096644999   8.018278643 
  295       0.000070338   5.435277587   11.567446400 
  296       0.000070338   9.264900327   14.971590422 
  297       0.000070338   7.640101298   11.865798388 
  298       0.000070338   7.397415715   11.807637573 
  299       0.000070338   9.184079437   13.015089610 
  300       0.000070338   5.981201262   10.174404542 
  301       0.000070338   8.523737801   12.615597188 
  302       0.000070338   7.309351575   10.611095358 
  303       0.000070338   9.084483759   10.885528030 
  304       0.000070338   6.870919385   10.728420357 
  305       0.000070338   6.301284362   9.993013940 
  306       0.000070338   5.791083839   8.851228074 
  307       0.000070338   7.833876875   9.683262867 
  308       0.000070338   6.579914662   11.717055845 
  309       0.000070338   5.684161697   9.177341093 
  310       0.000070338   6.921191337   9.652578376 
  311       0.000070338   7.144004478   10.980643831 
  312       0.000070338   4.543604597   6.742689652 
  313       0.000070338   4.911764709   5.958612605 
  314       0.000070338   6.013678556   8.851458782 
  315       0.000070338   8.677471584   11.404128037 
  316       0.000070338   4.888585266   7.317572780 
  317       0.000070338   9.887544645   14.383413330 
  318       0.000070338   9.675958936   16.526781887 
  319       0.000070338   9.216678978   14.757868437 
  320       0.000070338   4.925933556   9.236528096 
  321       0.000070338   7.311412159   12.026487130 
  322       0.000070338   3.297923129   3.097030233 
  323       0.000070338   4.006238353   6.385621516 
  324       0.000070338   4.505135103   7.361424664 
  325       0.000070338   3.623421367   5.480757039 
  326       0.000070338   5.879059755   8.289009223 
  327       0.000070338   5.646167076   7.868545231 
  328       0.000070338   5.528342685   5.592037319 
  329       0.000070338   4.740435616   5.722855152 
  330       0.000070338   5.313826589   6.425210722 
  331       0.000070338   7.617139624   9.267590397 
  332       0.000070338   9.059727457   13.871609347 
  333       0.000070338   5.883856270   7.530994682 
  334       0.000070338   6.936616744   10.189043019 
  335       0.000070338   4.785920276   6.261631816 
  336       0.000070338   5.660108773   9.346313340 
  337       0.000070338   5.862488727   10.177074198 
  338       0.000070338   6.215959025   11.055058428 
  339       0.000070338   4.647336364   3.905720981 
  340       0.000070338   4.600207820   4.462149901 
  341       0.000070338   3.803808705   4.855046928 
  342       0.000070338   6.219902994   7.304829576 
  343       0.000070338   6.899737637   13.550619965 
  344       0.000070338   5.516872922   10.932311492 
  345       0.000070338   3.644595304   4.278287945 
  346       0.000070338   6.458660929   6.575226785 
  347       0.000070338   9.027938507   10.419958046 
  348       0.000070338   11.129621577   13.955299131 
  349       0.000070338   13.705397104   15.742916678 
  350       0.000070338   10.643824503   15.826846993 
  351       0.000070338   9.606920826   11.935097543 
  352       0.000070338   13.366294266   17.318799379 
  353       0.000070338   13.669891809   14.979335147 
  354       0.000070338   11.901393149   17.319426268 
  355       0.000070338   9.891997570   14.492222460 
  356       0.000070338   8.674453753   19.731647210 
  357       0.000070338   6.363058402   9.460156966 
  358       0.000070338   9.240767206   16.818479364 
  359       0.000070338   4.893152381   6.467812417 
  360       0.000070338   6.710388589   12.179064794 
  361       0.000070338   6.735796210   11.038344676 
  362       0.000070338   7.521574201   10.994997504 
  363       0.000070338   4.983875805   7.549836183 
  364       0.000070338   4.571735441   8.162653472 
  365       0.000070338   7.228684160   11.474356694 
  366       0.000070338   4.022572768   7.870533069 
  367       0.000070338   3.823667149   6.686363569 
  368       0.000070338   4.622088975   8.137154351 
  369       0.000070338   7.370577652   10.932255453 
  370       0.000070338   4.660610940   6.604049451 
  371       0.000070338   7.640447121   14.743888156 
  372       0.000070338   6.618037898   14.785046689 
  373       0.000070338   8.391994553   13.425868513 
  374       0.000070338   6.168297843   11.786576310 
  375       0.000070338   6.143417154   9.490951556 
  376       0.000070338   5.692449519   10.539797140 
  377       0.000070338   9.172908906   12.509998654 
  378       0.000070338   9.211857762   14.029235990 
  379       0.000070338   9.171722713   12.259502701 
  380       0.000070338   7.338540282   9.588648906 
  381       0.000070338   5.369653818   7.791702706 
  382       0.000070338   9.874609502   20.509127650 
  383       0.000070338   5.547673816   10.568390941 
  384       0.000070338   5.169732358   9.022279085 
  385       0.000070338   7.313956588   9.823687954 
  386       0.000070338   4.948374003   5.917753832 
  387       0.000070338   5.892670237   9.216430281 
  388       0.000070338   5.535980601   6.803207667 
  389       0.000070338   7.943056604   12.137316971 
  390       0.000070338   7.359522810   11.012830661 
  391       0.000070338   7.598691248   11.817647001 
  392       0.000070338   4.054630769   5.390629823 
  393       0.000070338   4.218015652   5.992322670 
  394       0.000070338   7.990868627   11.271106645 
  395       0.000070338   7.453294837   14.397084613 
  396       0.000070338   4.912825516   9.022135927 
  397       0.000070338   8.410470501   11.105073353 
  398       0.000070338   8.447193914   14.473480710 
  399       0.000070338   5.452693220   8.981272412 
  400       0.000070338   5.841122536   8.389494134 
  401       0.000070338   5.850912919   8.915079078 
  402       0.000070338   8.865240643   15.205619406 
  403       0.000070338   7.332814028   11.888807452 
  404       0.000070338   5.717495370   8.853390446 
  405       0.000070338   5.771249940   10.039259458 
  406       0.000070338   3.944367305   3.793472721 
  407       0.000070338   4.912406093   7.864984381 
  408       0.000070338   5.634517197   10.458253770 
  409       0.000070338   7.145046626   11.528698585 
  410       0.000070338   4.979608087   6.248452153 
  411       0.000070338   8.769025399   11.048825092 
  412       0.000070338   11.923334118   17.441472361 
  413       0.000070338   9.371096205   11.155659320 
  414       0.000070338   6.876287163   8.508494770 
  415       0.000070338   5.645755019   5.904233676 
  416       0.000070338   9.271210453   15.194112451 
  417       0.000070338   9.064463450   16.635314763 
  418       0.000070338   4.031332514   7.550937706 
  419       0.000070338   5.735977259   9.606610587 
  420       0.000070338   8.953849856   11.939974650 
  421       0.000070338   9.076971784   14.201402788 
  422       0.000070338   7.534521848   11.817745715 
  423       0.000070338   3.525139532   6.262054902 
  424       0.000070338   5.941256218   8.368713466 
  425       0.000070338   6.265990193   8.316783045 
  426       0.000070338   10.007911073   17.352765653 
  427       0.000070338   12.144273050   21.314105437 
  428       0.000070338   6.454427400   11.926631709 
  429       0.000070338   4.438854780   6.927959893 
  430       0.000070338   5.907958573   8.195299619 
  431       0.000070338   7.204589937   11.451601385 
  432       0.000070338   6.369198602   8.568161703 
  433       0.000070338   5.087127838   7.418001959 
  434       0.000070338   7.663335767   10.024832135 
  435       0.000070338   7.480561967   15.120837994 
  436       0.000070338   6.515812569   6.889539438 
  437       0.000070338   6.399478645   7.683034917 
  438       0.000070338   6.522411077   7.100419340 
  439       0.000070338   8.192377726   8.622942380 
  440       0.000070338   10.687894457   11.757193950 
  441       0.000070338   11.417111246   14.403061141 
  442       0.000070338   9.838677429   10.769511308 
  443       0.000070338   9.371940512   12.037400323 
  444       0.000070338   11.058957371   13.841355597 
  445       0.000070338   8.100376373   14.368550576 
  446       0.000070338   4.610825791   10.327496847 
  447       0.000070338   5.616413640   9.898269099 
  448       0.000070338   7.324115466   11.266033521 
  449       0.000070338   5.262513119   6.864525758 
  450       0.000063795   4.658900163   9.185548569 
  451       0.000063795   2.888803013   4.061652492 
  452       0.000059320   5.044432843   8.926244336 
  453       0.000059320   7.420949969   7.737184736 
  454       0.000059320   7.254998762   8.347711603 
  455       0.000059320   7.088782560   8.455061548 
  456       0.000059320   6.389102496   6.645287199 
  457       0.000059320   10.815686570   11.166276459 
  458       0.000059320   13.814777449   12.141945104 
  459       0.000059320   9.749219419   10.275186423 
  460       0.000059320   9.987923632   13.424416745 
  461       0.000059320   9.365698987   11.447865751 
  462       0.000059320   7.727724444   12.180153265 
  463       0.000059320   7.592228040   13.689788544 
  464       0.000059320   6.519264920   8.969051330 
  465       0.000059320   6.697586169   8.873744951 
  466       0.000059320   6.902538697   11.708796067 
  467       0.000059320   6.248837164   10.208935199 
  468       0.000059320   7.493822201   11.146787081 
  469       0.000059320   3.952167522   6.667015444 
  470       0.000059320   9.053809223   18.579474837 
  471       0.000059320   7.658155191   16.728993831 
  472       0.000059320   3.866610577   9.230473042 
  473       0.000059320   6.989648651   15.384773907 
  474       0.000059320   6.036047264   13.345921132 
  475       0.000059320   7.047916570   10.371531614 
  476       0.000059320   7.336226468   11.139329800 
  477       0.000059320   4.380392071   8.963419939 
  478       0.000059320   4.033025375   10.073319252 
  479       0.000059320   7.192252649   12.820802076 
  480       0.000059320   3.259957539   7.045606399 
  481       0.000059320   5.166687595   13.667551022 
  482       0.000059320   5.523141012   14.093723135 
  483       0.000059320   6.501764680   18.179047721 
  484       0.000059320   3.687906240   10.931022659 
  485       0.000059320   3.927782488   9.056942874 
  486       0.000059320   8.698974594   14.130971426 
  487       0.000059320   9.200898573   14.710562446 
  488       0.000058690   5.313250835   8.638092422 
  489       0.000051791   6.607154344   10.404058804 
  490       0.000051791   5.683507451   8.658433981 
  491       0.000051791   8.482004045   14.935895167 
  492       0.000051791   7.380272478   11.261939217 
  493       0.000051791   4.241356014   6.012137020 
  494       0.000051791   5.101603660   7.080176440 
  495       0.000051791   5.690667083   8.484069361 
  496       0.000051791   6.959813120   8.602144311 
  497       0.000051791   7.028451023   12.585752150 
  498       0.000051791   6.458208337   12.464890580 
  499       0.000051791   6.553953963   13.999305262 
  500       0.000051791   7.365944546   10.134922328 
