Type_1;Type_2
1; 1; 
1; 1; 
0.999826; 0.999826; 
0.99933; 0.99933; 
0.998384; 0.998384; 
0.996882; 0.996882; 
0.994733; 0.994756; 
0.99187; 0.99196; 
0.98824; 0.988459; 
0.983803; 0.984231; 
0.978531; 0.979262; 
0.972421; 0.973551; 
0.965492; 0.967102; 
0.957775; 0.959928; 
0.949315; 0.952051; 
0.940156; 0.943497; 
0.930347; 0.934301; 
0.919934; 0.924497; 
0.908963; 0.914125; 
0.897476; 0.903222; 
0.885515; 0.891827; 
0.873117; 0.879976; 
0.860317; 0.867703; 
0.847148; 0.85504; 
0.83364; 0.842017; 
0.819819; 0.828661; 
0.805712; 0.814998; 
0.791341; 0.801052; 
0.776728; 0.786845; 
0.761893; 0.772396; 
0.746852; 0.757725; 
0.731624; 0.742849; 
0.716223; 0.727783; 
0.700663; 0.712541; 
0.684956; 0.697138; 
0.669116; 0.681586; 
0.653151; 0.665896; 
0.637073; 0.650079; 
0.620889; 0.634143; 
0.60461; 0.618099; 
0.588242; 0.601955; 
0.571792; 0.585717; 
0.555267; 0.569393; 
0.538673; 0.55299; 
0.522016; 0.536513; 
0.505299; 0.519968; 
0.488529; 0.503361; 
0.471709; 0.486694; 
0.454843; 0.469974; 
0.437934; 0.453204; 
0.420993; 0.436392; 
0.404028; 0.41955; 
0.387055; 0.402692; 
0.370094; 0.385833; 
0.353169; 0.36899; 
0.336305; 0.35218; 
0.319531; 0.33542; 
0.302875; 0.318729; 
0.286369; 0.302122; 
0.270047; 0.285619; 
0.253948; 0.269238; 
0.238107; 0.252999; 
0.222561; 0.236922; 
0.207344; 0.221033; 
0.192486; 0.20536; 
0.178012; 0.189931; 
0.16394; 0.174766; 
0.150286; 0.159883; 
0.137059; 0.145296; 
0.124273; 0.131016; 
0.111943; 0.117064; 
0.10008; 0.103459; 
0.0886989; 0.0902244; 
0.0778098; 0.0773825; 
0.0674335; 0.0649574; 
0.0575948; 0.0529719; 
0.0483235; 0.0414477; 
0.039651; 0.030404; 
0.031608; 0.0198579; 
0.0242212; 0.00982369; 
0.0175089; 0.00031302; 
0.0114811; -0.00866511; 
0.00613994; -0.0171046; 
0.00148507; -0.0249972; 
-0.0024872; -0.0322933; 
-0.00578526; -0.038945; 
-0.00842499; -0.0449121; 
-0.0104345; -0.0501628; 
-0.011856; -0.0546737; 
-0.0127455; -0.0584295; 
-0.013147; -0.0614224; 
-0.0131013; -0.0636512; 
-0.0126467; -0.0651202; 
-0.0118352; -0.0658383; 
-0.0107137; -0.0658212; 
-0.00932517; -0.0650922; 
-0.0077092; -0.0636852; 
-0.00590392; -0.0616918; 
-0.00395512; -0.0591995; 
-0.00190414; -0.0562897; 
0.000211915; -0.053037; 
0.00236012; -0.0495094; 
0.00451147; -0.0457681; 
0.00664058; -0.0418681; 
0.00872456; -0.0378599; 
0.010743; -0.0337898; 
0.0126778; -0.0297005; 
0.0145134; -0.0256315; 
0.0162361; -0.0216192; 
0.0178346; -0.0176975; 
0.0192993; -0.0138978; 
0.0206225; -0.0102497; 
0.0217983; -0.00678103; 
0.022822; -0.00351795; 
0.0236906; -0.000485343; 
0.0244025; 0.00228267; 
0.0249573; 0.00475928; 
0.0253566; 0.00692436; 
0.0256034; 0.00876241; 
0.0257023; 0.010262; 
0.0256593; 0.0114157; 
0.0254815; 0.0122193; 
0.0251776; 0.0126724; 
0.0247567; 0.0127773; 
0.0242273; 0.0125397; 
0.0235974; 0.0119698; 
0.0228746; 0.0110843; 
0.0220718; 0.00990164; 
0.0212019; 0.00844834; 
0.0202769; 0.00675286; 
0.0193086; 0.00484461; 
0.0183081; 0.00275333; 
0.0172856; 0.000508584; 
0.0162507; -0.00186046; 
0.0152123; -0.00432525; 
0.0141785; -0.00685797; 
0.0131567; -0.00938969; 
0.0121535; -0.0118603; 
0.011175; -0.0142177; 
0.0102264; -0.0164136; 
0.00931259; -0.0183961; 
0.00843748; -0.0201201; 
0.00760456; -0.0215461; 
0.00681672; -0.0226411; 
0.0060763; -0.0233772; 
0.0053851; -0.0237319; 
0.00474441; -0.0236882; 
0.00415505; -0.0232406; 
0.00361738; -0.0224094; 
0.00313131; -0.0212582; 
0.00269635; -0.0198452; 
0.0023116; -0.0182239; 
0.00197047; -0.0164424; 
0.00166723; -0.0145453; 
0.00139696; -0.0125747; 
0.00115544; -0.0105696; 
0.000939017; -0.0085667; 
0.00074457; -0.0066; 
0.000569422; -0.004701; 
0.000411282; -0.00290741; 
0.000268191; -0.00125488; 
0.000138476; 0.000227077; 
2.07142e-005; 0.00151463; 
-8.63086e-005; 0.00258927; 
-0.000183622; 0.00343725; 
-0.0002721; 0.00404829; 
-0.000352529; 0.00441548; 
-0.000425625; 0.00453531; 
-0.000492042; 0.00440751; 
-0.000552376; 0.0040352; 
-0.000607171; 0.0034261; 
-0.000656923; 0.00259124; 
-0.000702085; 0.00154153; 
-0.000743068; 0.000297174; 
-0.000780249; -0.00112006; 
-0.00081397; -0.00268748; 
-0.000844543; -0.00438188; 
-0.000872253; -0.00613747; 
-0.00089736; -0.00789584; 
-0.000920099; -0.00960568; 
-0.000940687; -0.0112226; 
-0.000959319; -0.0127086; 
-0.000976174; -0.0140273; 
-0.000991415; -0.0151362; 
-0.00100519; -0.0159988; 
-0.00101763; -0.0165839; 
-0.00102887; -0.0168658; 
-0.00103901; -0.0168235; 
-0.00104815; -0.0164465; 
-0.00105639; -0.0157488; 
-0.00106382; -0.0147881; 
-0.0010705; -0.0136167; 
-0.00107651; -0.0122824; 
-0.00108191; -0.0108282; 
-0.00108676; -0.00929497; 
-0.00109111; -0.00772103; 
-0.00109501; -0.00614219; 
-0.00109851; -0.00460091; 
-0.00110163; -0.00313815; 
-0.00110442; -0.00178884; 
-0.00110691; -0.000582197; 
-0.00110913; 0.000457948; 
-0.00111111; 0.00131282; 
-0.00111286; 0.0019684; 
-0.00111442; 0.00241461; 
-0.00111579; 0.00264472; 
-0.00111701; 0.00265527; 
-0.00111808; 0.0024461; 
-0.00111902; 0.00202034; 
-0.00111985; 0.0013862; 
-0.00112057; 0.000552259; 
-0.0011212; -0.000470663; 
-0.00112174; -0.00166424; 
-0.00112221; -0.00300875; 
-0.00112261; -0.00444058; 
-0.00112295; -0.00590265; 
-0.00112324; -0.00734423; 
-0.00112348; -0.00872099; 
-0.00112368; -0.00999483; 
-0.00112385; -0.0111336; 
-0.00112398; -0.0121058; 
-0.00112408; -0.0128853; 
-0.00112416; -0.0134382; 
-0.00112421; -0.0137361; 
-0.00112425; -0.0137557; 
-0.00112427; -0.0134812; 
-0.00112427; -0.0129226; 
-0.00112427; -0.0120899; 
-0.00112425; -0.0110376; 
-0.00112422; -0.00981496; 
-0.00112418; -0.00846705; 
-0.00112414; -0.00703652; 
-0.0011241; -0.00557315; 
-0.00112405; -0.00412159; 
-0.00112399; -0.00272481; 
-0.00112394; -0.00141979; 
-0.00112389; -0.00023786; 
-0.00112383; 0.000795092; 
-0.00112378; 0.00165826; 
-0.00112373; 0.00233563; 
-0.00112368; 0.00281489; 
-0.00112363; 0.00308716; 
-0.00112359; 0.00314691; 
-0.00112355; 0.00299194; 
-0.00112352; 0.00262342; 
-0.00112349; 0.00204717; 
-0.00112346; 0.00127099; 
-0.00112344; 0.000302867; 
-0.00112342; -0.000839992; 
-0.0011234; -0.00213879; 
-0.00112339; -0.00357365; 
-0.00112338; -0.00508135; 
-0.00112338; -0.00660546; 
-0.00112337; -0.00809606; 
-0.00112337; -0.00950973; 
-0.00112337; -0.0108093; 
-0.00112337; -0.0119591; 
-0.00112338; -0.0129287; 
-0.00112338; -0.0136814; 
-0.00112339; -0.0141858; 
-0.0011234; -0.0144154; 
-0.00112341; -0.0143492; 
-0.00112342; -0.0139756; 
-0.00112343; -0.0133064; 
-0.00112344; -0.0123971; 
-0.00112345; -0.011298; 
-0.00112346; -0.0100546; 
-0.00112347; -0.00870893; 
-0.00112348; -0.00730048; 
-0.00112349; -0.0058664; 
-0.0011235; -0.00445004; 
-0.00112351; -0.00309319; 
-0.00112353; -0.00183176; 
-0.00112354; -0.000696042; 
-0.00112355; 0.000288974; 
-0.00112356; 0.00110333; 
-0.00112357; 0.00173179; 
-0.00112358; 0.00216325; 
-0.00112358; 0.00238991; 
-0.00112359; 0.0024073; 
-0.0011236; 0.00221422; 
-0.00112361; 0.00181282; 
-0.00112362; 0.00120999; 
-0.00112363; 0.00041336; 
-0.00112363; -0.000567228; 
-0.00112364; -0.00171462; 
-0.00112365; -0.00301019; 
-0.00112365; -0.0043914; 
-0.00112366; -0.00580209; 
-0.00112367; -0.00719234; 
-0.00112367; -0.00851853; 
-0.00112368; -0.00974313; 
-0.00112368; -0.0108345; 
-0.00112369; -0.0117617; 
-0.00112369; -0.0124988; 
-0.0011237; -0.0130126; 
-0.0011237; -0.013275; 
-0.00112371; -0.0132631; 
-0.00112371; -0.0129621; 
-0.00112371; -0.0123817; 
-0.00112372; -0.0115749; 
-0.00112372; -0.0105902; 
-0.00112372; -0.00947111; 
-0.00112373; -0.00825733; 
-0.00112373; -0.0069865; 
-0.00112373; -0.00570325; 
-0.00112374; -0.00444743; 
-0.00112374; -0.00325756; 
-0.00112374; -0.00216657; 
-0.00112374; -0.00120211; 
-0.00112375; -0.000386775; 
-0.00112375; 0.000261591; 
-0.00112375; 0.000729638; 
-0.00112375; 0.00100823; 
-0.00112375; 0.00109191; 
-0.00112375; 0.000978414; 
-0.00112376; 0.000668709; 
-0.00112376; 0.00016705; 
-0.00112376; -0.000519889; 
-0.00112376; -0.0013852; 
-0.00112376; -0.00241361; 
-0.00112376; -0.00354522; 
-0.00112376; -0.00472564; 
-0.00112377; -0.00590604; 
-0.00112377; -0.00704332; 
-0.00112377; -0.00810012; 
-0.00112377; -0.00904466; 
-0.00112377; -0.00985058; 
-0.00112377; -0.0104914; 
-0.00112377; -0.0109458; 
-0.00112377; -0.0111972; 
-0.00112377; -0.0112193; 
-0.00112377; -0.0110068; 
-0.00112377; -0.0105627; 
-0.00112377; -0.00989077; 
-0.00112377; -0.0090395; 
-0.00112377; -0.0080527; 
-0.00112378; -0.00697995; 
-0.00112378; -0.00586658; 
-0.00112378; -0.00475353; 
-0.00112378; -0.00368062; 
-0.00112378; -0.00268233; 
-0.00112378; -0.00178796; 
-0.00112378; -0.00102186; 
-0.00112378; -0.000403668; 
-0.00112378; 5.14396e-005; 
-0.00112378; 0.000332503; 
-0.00112378; 0.000432537; 
-0.00112378; 0.000348243; 
-0.00112378; 7.94982e-005; 
-0.00112378; -0.000370589; 
-0.00112378; -0.000996609; 
-0.00112378; -0.00179281; 
-0.00112378; -0.00270768; 
-0.00112378; -0.00368867; 
-0.00112378; -0.00468808; 
-0.00112378; -0.00566344; 
-0.00112378; -0.00657754; 
-0.00112378; -0.00739849; 
-0.00112378; -0.00809953; 
-0.00112378; -0.0086589; 
-0.00112378; -0.00905959; 
-0.00112378; -0.00928345; 
-0.00112378; -0.00931694; 
-0.00112378; -0.00915609; 
-0.00112378; -0.00880455; 
-0.00112378; -0.00826646; 
-0.00112378; -0.00759146; 
-0.00112378; -0.00682508; 
-0.00112378; -0.00600881; 
-0.00112378; -0.00518404; 
-0.00112378; -0.00438743; 
-0.00112378; -0.00365089; 
-0.00112378; -0.00300171; 
-0.00112378; -0.00246265; 
-0.00112378; -0.00205215; 
-0.00112378; -0.00178449; 
-0.00112378; -0.00167005; 
-0.00112378; -0.00171545; 
-0.00112378; -0.0019238; 
-0.00112378; -0.00229487; 
-0.00112378; -0.00280428; 
-0.00112378; -0.00343025; 
-0.00112378; -0.00415345; 
-0.00112378; -0.0049269; 
-0.00112378; -0.00570824; 
-0.00112378; -0.00645975; 
-0.00112378; -0.00714849; 
-0.00112378; -0.00774631; 
-0.00112378; -0.0082298; 
-0.00112378; -0.00858012; 
-0.00112378; -0.00878287; 
-0.00112378; -0.0088271; 
-0.00112378; -0.00871063; 
-0.00112378; -0.00843235; 
-0.00112378; -0.00799214; 
-0.00112378; -0.00743534; 
-0.00112378; -0.00680346; 
-0.00112378; -0.00613779; 
-0.00112378; -0.00547542; 
-0.00112378; -0.00484913; 
-0.00112378; -0.00428731; 
-0.00112378; -0.00381406; 
-0.00112378; -0.00344929; 
-0.00112378; -0.00320889; 
-0.00112378; -0.00310487; 
-0.00112378; -0.0031456; 
-0.00112378; -0.00333595; 
-0.00112378; -0.00367746; 
-0.00112378; -0.00414753; 
-0.00112378; -0.00472592; 
-0.00112378; -0.0053947; 
-0.00112378; -0.00611389; 
-0.00112378; -0.00684203; 
-0.00112378; -0.00754217; 
-0.00112378; -0.00818204; 
-0.00112378; -0.00873402; 
-0.00112378; -0.00917513; 
-0.00112378; -0.00948098; 
-0.00112378; -0.00963188; 
-0.00112378; -0.00961784; 
-0.00112378; -0.00943767; 
-0.00112378; -0.00909116; 
-0.00112378; -0.00862249; 
-0.00112378; -0.00807233; 
-0.00112378; -0.00747778; 
-0.00112378; -0.00687222; 
-0.00112378; -0.00628537; 
-0.00112378; -0.00574706; 
-0.00112378; -0.00528286; 
-0.00112378; -0.00491421; 
-0.00112378; -0.00465853; 
-0.00112378; -0.0045294; 
-0.00112378; -0.00453672; 
-0.00112378; -0.00468688; 
-0.00112378; -0.00498294; 
-0.00112378; -0.00540323; 
-0.00112378; -0.00592839; 
-0.00112378; -0.00654121; 
-0.00112378; -0.0072026; 
-0.00112378; -0.00787235; 
-0.00112378; -0.00851462; 
-0.00112378; -0.00909804; 
-0.00112378; -0.00959581; 
-0.00112378; -0.00997955; 
-0.00112378; -0.0102257; 
-0.00112378; -0.0103207; 
-0.00112378; -0.010261; 
-0.00112378; -0.0100383; 
-0.00112378; -0.00964636; 
-0.00112378; -0.00912418; 
-0.00112378; -0.00850684; 
-0.00112378; -0.00783397; 
-0.00112378; -0.00714124; 
-0.00112378; -0.00646065; 
-0.00112378; -0.00582426; 
-0.00112378; -0.00525967; 
-0.00112378; -0.00479019; 
-0.00112378; -0.00443489; 
-0.00112378; -0.00420887; 
-0.00112378; -0.00412334; 
-0.00112378; -0.00418588; 
-0.00112378; -0.00440059; 
-0.00112378; -0.0047683; 
-0.00112378; -0.00526598; 
-0.00112378; -0.0058731; 
-0.00112378; -0.00657139; 
-0.00112378; -0.00732052; 
-0.00112378; -0.00807844; 
-0.00112378; -0.00880771; 
-0.00112378; -0.00947563; 
-0.00112378; -0.0100486; 
-0.00112378; -0.0104981; 
-0.00112378; -0.0108003; 
-0.00112378; -0.0109222; 
-0.00112378; -0.0108514; 
-0.00112378; -0.0105847; 
-0.00112378; -0.0101201; 
-0.00112378; -0.00950076; 
-0.00112378; -0.00876529; 
-0.00112378; -0.00794844; 
-0.00112378; -0.007091; 
-0.00112378; -0.00622982; 
-0.00112378; -0.00540158; 
-0.00112378; -0.00463812; 
-0.00112378; -0.00396656; 
-0.00112378; -0.00340947; 
-0.00112378; -0.00298505; 
-0.00112378; -0.00270733; 
-0.00112378; -0.00258638; 
-0.00112378; -0.00262857; 
-0.00112378; -0.00283667; 
-0.00112378; -0.00321014; 
-0.00112378; -0.00372423; 
-0.00112378; -0.00435681; 
-0.00112378; -0.00508825; 
-0.00112378; -0.00587124; 
-0.00112378; -0.00666311; 
-0.00112378; -0.00742584; 
-0.00112378; -0.00812622; 
