Plaus_1; Plaus_2; Plaus_3; Belief_1; Belief_2; Belief_3
0; 0; 0; 0; 0; 0; 
1.9; 1.9; 1.9; 1.9; 1.9; 1.9; 
1.9; 1.9; 1.9; 1.9; 1.9; 1.9; 
1.9; 1.9; 1.9; 1.9; 1.9; 1.9; 
1.88952; 1.88952; 1.89199; 1.88466; 1.88452; 1.88927; 
1.86955; 1.86955; 1.87654; 1.85609; 1.85569; 1.86883; 
1.84065; 1.84064; 1.85376; 1.81617; 1.81546; 1.83931; 
1.80306; 1.80304; 1.82335; 1.76671; 1.76569; 1.80101; 
1.75679; 1.75677; 1.78464; 1.70941; 1.70811; 1.75405; 
1.70168; 1.70166; 1.73656; 1.64583; 1.64437; 1.69833; 
1.63742; 1.6374; 1.67754; 1.57748; 1.57597; 1.63368; 
1.56357; 1.56355; 1.60546; 1.50571; 1.50432; 1.5598; 
1.47965; 1.47963; 1.51738; 1.43181; 1.43071; 1.47639; 
1.38513; 1.38512; 1.40934; 1.35692; 1.35631; 1.38313; 
1.27956; 1.27956; 1.27595; 1.28212; 1.28215; 1.2798; 
1.26667; 1.26667; 1.26667; 1.26667; 1.26667; 1.26667; 
1.26667; 1.26667; 1.26667; 1.26667; 1.26667; 1.26667; 
1.26667; 1.26667; 1.26667; 1.26667; 1.26667; 1.26667; 
1.26667; 1.26667; 1.26667; 1.26667; 1.26667; 1.26667; 
1.26667; 1.26667; 1.26667; 1.26667; 1.26667; 1.26667; 
1.26667; 1.26667; 1.26667; 1.26667; 1.26667; 1.26667; 
1.26667; 1.26667; 1.26667; 1.26667; 1.26667; 1.26667; 
1.26667; 1.26667; 1.26667; 1.26667; 1.26667; 1.26667; 
1.26667; 1.26667; 1.26667; 1.26667; 1.26667; 1.26667; 
1.26667; 1.26667; 1.26667; 1.26667; 1.26667; 1.26667; 
0; 0; 0; 1.26667; 1.26667; 0; 
-1.26667; -1.26667; -1.26667; -1.26667; -1.26667; -1.26667; 
-1.26667; -1.26667; -1.26667; -1.26667; -1.26667; -1.26667; 
-1.26667; -1.26667; -1.26667; -1.26667; -1.26667; -1.26667; 
-1.26667; -1.26667; -1.26667; -1.26667; -1.26667; -1.26667; 
-1.26667; -1.26667; -1.26667; -1.26667; -1.26667; -1.26667; 
-1.26667; -1.26667; -1.26667; -1.26667; -1.26667; -1.26667; 
-1.26667; -1.26667; -1.26667; -1.26667; -1.26667; -1.26667; 
-1.26667; -1.26667; -1.26667; -1.26667; -1.26667; -1.26667; 
-0.902087; -0.901606; -0.937354; -0.99537; -0.96706; -0.495896; 
-0.903229; -0.902766; -0.895344; -0.903913; -0.874532; -0.502778; 
-0.896; -0.895526; -0.870609; -0.869388; -0.839545; -0.49105; 
-0.888752; -0.888267; -0.854631; -0.847041; -0.817113; -0.482108; 
-0.87061; -0.870132; -0.833691; -0.831352; -0.801233; -0.474685; 
-0.809354; -0.80893; -0.779471; -0.787859; -0.761289; -0.467265; 
-0.723386; -0.723043; -0.704001; -0.727302; -0.705452; -0.455083; 
-0.595452; -0.595261; -0.594135; -0.64144; -0.626721; -0.436758; 
-0.442769; -0.430281; -0.422776; -0.515678; -0.5099; -0.410339; 
-0.343236; -0.319678; -0.301403; -0.409497; -0.348014; -0.223258; 
-0.331828; -0.311425; -0.299612; -0.380119; -0.316989; -0.164005; 
-0.314232; -0.29711; -0.292071; -0.361435; -0.313341; -0.187525; 
-0.290044; -0.276345; -0.278536; -0.33666; -0.304063; -0.208727; 
-0.258384; -0.248159; -0.258071; -0.305536; -0.288585; -0.227267; 
-0.218602; -0.211794; -0.229985; -0.267993; -0.263559; -0.211602; 
-0.17046; -0.166891; -0.194012; -0.217791; -0.216574; -0.182228; 
-0.11434; -0.113716; -0.145357; -0.167261; -0.171548; -0.156878; 
-0.0514282; -0.0533596; -0.0927664; -0.117328; -0.128068; -0.134687; 
0.0167218; 0.0123929; -0.039796; -0.0679202; -0.0860159; -0.115108; 
0.0686873; 0.0756085; 0.00832188; -0.0234778; -0.0466794; -0.0977117; 
0.112387; 0.127998; 0.0489087; 0.00548196; -0.00993641; -0.0821596; 
0.149761; 0.17109; 0.0875964; 0.0337607; 0.0208436; -0.0703613; 
0.181109; 0.205946; 0.122297; 0.0624556; 0.050311; -0.0597221; 
0.206869; 0.233607; 0.152479; 0.0917486; 0.0788024; -0.0491056; 
0.227532; 0.255025; 0.178197; 0.115627; 0.106473; -0.0375509; 
0.243603; 0.271041; 0.199625; 0.1347; 0.13307; -0.0264136; 
0.255575; 0.282379; 0.217032; 0.150973; 0.154209; -0.0167972; 
0.263905; 0.289657; 0.230733; 0.164493; 0.171984; -0.00842822; 
0.269014; 0.293393; 0.241069; 0.175383; 0.186536; -0.00110054; 
0.27128; 0.294021; 0.248376; 0.183811; 0.198076; 0.00555972; 
0.271037; 0.291901; 0.252975; 0.189972; 0.206842; 0.0119066; 
0.268577; 0.287333; 0.255164; 0.194074; 0.213086; 0.0179359; 
0.264158; 0.281657; 0.255212; 0.196329; 0.217056; 0.0236418; 
0.262898; 0.278211; 0.25336; 0.196946; 0.21899; 0.0290162; 
0.260469; 0.272847; 0.249819; 0.196122; 0.219112; 0.0340496; 
0.256476; 0.265529; 0.24858; 0.194041; 0.217628; 0.0387313; 
0.250889; 0.256168; 0.247225; 0.190873; 0.214721; 0.0430499; 
0.243663; 0.244651; 0.244424; 0.190001; 0.210932; 0.0469942; 
0.234746; 0.230848; 0.240158; 0.189595; 0.210209; 0.0505533; 
0.22408; 0.214612; 0.23439; 0.188271; 0.208282; 0.0537174; 
0.211603; 0.178594; 0.227078; 0.186037; 0.205166; 0.0593026; 
0.17889; 0.143967; 0.218174; 0.182898; 0.200853; 0.0656007; 
0.144224; 0.112455; 0.202474; 0.17886; 0.195334; 0.0711101; 
0.112838; 0.0839557; 0.173659; 0.173934; 0.1886; 0.0758566; 
0.0846047; 0.0582707; 0.146675; 0.168134; 0.180646; 0.0798626; 
0.0593453; 0.0351474; 0.121423; 0.161482; 0.167039; 0.0831545; 
0.0368088; 0.014323; 0.0979327; 0.152875; 0.145757; 0.0857616; 
0.0167246; -0.00448708; 0.0761477; 0.129512; 0.125614; 0.0877149; 
-0.00116869; -0.022172; 0.0559679; 0.108079; 0.106589; 0.0890469; 
-0.0171091; -0.0390241; 0.0372736; 0.0884038; 0.088718; 0.0897904; 
-0.032017; -0.0550291; 0.0202022; 0.0705025; 0.0719878; 0.0899841; 
-0.0459796; -0.0701608; 0.00401667; 0.0543159; 0.0563554; 0.0908067; 
-0.0589441; -0.0843765; -0.0119023; 0.039746; 0.0417625; 0.0910845; 
-0.0708901; -0.0976165; -0.0275274; 0.0266774; 0.0281447; 0.0908261; 
-0.0817859; -0.109803; -0.0428254; 0.0149901; 0.0157217; 0.0900376; 
-0.0915884; -0.120842; -0.0577486; 0.00456761; 0.00374087; 0.0887266; 
-0.100245; -0.130618; -0.0722339; -0.00469889; -0.00803424; 0.0869028; 
-0.107693; -0.139004; -0.0862009; -0.0129084; -0.0195712; 0.0845782; 
-0.113863; -0.145853; -0.0995505; -0.0201495; -0.0308319; 0.0812002; 
-0.118681; -0.151011; -0.112164; -0.0265007; -0.04177; 0.0764226; 
-0.122069; -0.154315; -0.123901; -0.0325021; -0.05233; 0.0714082; 
-0.123952; -0.155603; -0.134602; -0.0379008; -0.0624478; 0.0661942; 
-0.12426; -0.149434; -0.144087; -0.0426461; -0.0720498; 0.0608204; 
-0.122936; -0.141717; -0.152026; -0.0467346; -0.0810538; 0.0553226; 
-0.119939; -0.132563; -0.14979; -0.0501639; -0.0893695; 0.049733; 
-0.115252; -0.12213; -0.14613; -0.0529328; -0.0968996; 0.0440804; 
-0.108761; -0.110566; -0.141109; -0.055043; -0.103542; 0.0383907; 
-0.0994578; -0.0980224; -0.134883; -0.056499; -0.109191; 0.0331461; 
-0.0892104; -0.0846484; -0.127598; -0.0573097; -0.110488; 0.0278659; 
-0.0781404; -0.0714471; -0.119389; -0.057488; -0.108561; 0.0224037; 
-0.0663982; -0.0574973; -0.110387; -0.0570524; -0.105726; 0.0167794; 
-0.0541377; -0.0422158; -0.100713; -0.0560268; -0.102067; 0.0110145; 
-0.0415763; -0.0256281; -0.0914555; -0.0544411; -0.0976901; 0.0051337; 
-0.02907; -0.0104996; -0.0818882; -0.0523313; -0.0926934; -0.000835364; 
-0.0173954; 0.00325644; -0.0716086; -0.0497394; -0.0871696; -0.00686157; 
-0.00734903; 0.0160365; -0.0607212; -0.0467131; -0.0812059; -0.0129103; 
0.00201408; 0.0279364; -0.049397; -0.0433053; -0.0748844; -0.0189432; 
0.0109395; 0.0388962; -0.0385679; -0.0395737; -0.0690759; -0.0249183; 
0.0194075; 0.04886; -0.0283746; -0.0355791; -0.0629569; -0.0307902; 
0.0273667; 0.0577716; -0.0188199; -0.0313854; -0.0564835; -0.0347899; 
0.0347651; 0.065575; -0.00989743; -0.0270573; -0.049722; -0.0358974; 
0.0415501; 0.0722143; -0.00162102; -0.0226597; -0.0427245; -0.0367298; 
0.0476692; 0.0776353; 0.00631703; -0.0182561; -0.0357045; -0.0372947; 
0.0517702; 0.081253; 0.0139074; -0.0139076; -0.0290012; -0.0376139; 
0.0549465; 0.0825236; 0.0211136; -0.00967127; -0.0226306; -0.0377087; 
0.0572434; 0.0824952; 0.0278984; -0.00559933; -0.0166047; -0.0376001; 
0.0586964; 0.0812436; 0.0342231; -0.00173838; -0.0109296; -0.0373081; 
0.0593476; 0.0788639; 0.0400486; 0.00188537; -0.00560742; -0.0368521; 
0.0592439; 0.0754542; 0.0453354; 0.00468559; -0.000645673; -0.0362502; 
0.0584363; 0.0711143; 0.0500449; 0.00650545; 0.00408731; -0.0355198; 
0.0569784; 0.0659464; 0.0541399; 0.00817897; 0.0085774; -0.0347323; 
0.054926; 0.0600545; 0.0575861; 0.00970582; 0.0128055; -0.0340597; 
0.0523364; 0.0538737; 0.0603462; 0.0110734; 0.0167532; -0.0332781; 
0.0495147; 0.0471575; 0.0623322; 0.0122809; 0.0204029; -0.0323985; 
0.0462822; 0.0399156; 0.0635595; 0.0133289; 0.0237381; -0.0314306; 
0.042634; 0.0320954; 0.0640611; 0.0142194; 0.0267435; -0.030384; 
0.0386205; 0.0233899; 0.0638734; 0.0149554; 0.0294056; -0.0292682; 
0.0342949; 0.0150419; 0.0630355; 0.0155411; 0.0317129; -0.0280928; 
0.0285328; 0.00712414; 0.0615888; 0.0159813; 0.0336562; -0.0268668; 
0.0219107; -0.000293744; 0.0595763; 0.0162823; 0.0352289; -0.0255994; 
0.0154944; -0.00724455; 0.0570421; 0.0164745; 0.0365014; -0.0242992; 
0.0093544; -0.013738; 0.0542781; 0.0165428; 0.0375963; -0.0229444; 
0.00356113; -0.0197156; 0.0511839; 0.0164937; 0.0382909; -0.0214789; 
-0.00183185; -0.0251263; 0.0476331; 0.0163338; 0.0386038; -0.0200339; 
-0.00681556; -0.0299252; 0.0436643; 0.01607; 0.0385531; -0.0186146; 
-0.011407; -0.0340735; 0.0393184; 0.0157094; 0.0381589; -0.0172262; 
-0.0155595; -0.0375384; 0.0328128; 0.0152594; 0.0374425; -0.015873; 
-0.0192406; -0.0402941; 0.0263569; 0.0147277; 0.0364263; -0.0145584; 
-0.0224242; -0.0423219; 0.0200001; 0.0141221; 0.0351337; -0.0132855; 
-0.0250906; -0.0436114; 0.0138098; 0.0134505; 0.0336068; -0.0120565; 
-0.0272265; -0.0439136; 0.00784086; 0.0127208; 0.0319944; -0.0108733; 
-0.0288249; -0.043301; 0.00215662; 0.0115416; 0.0301506; -0.00973737; 
-0.0298857; -0.0420333; -0.00332067; 0.0101368; 0.0280982; -0.00864968; 
-0.0304151; -0.0401626; -0.0085591; 0.00872787; 0.0258599; -0.00761091; 
-0.0304265; -0.0377489; -0.0135141; 0.00733109; 0.0234595; -0.00662144; 
-0.0299401; -0.0348556; -0.0181433; 0.00596345; 0.0202268; -0.00568139; 
-0.0289829; -0.031549; -0.0224071; 0.00463975; 0.0169849; -0.00479065; 
-0.0275885; -0.0278974; -0.0262681; 0.00337272; 0.013764; -0.00394889; 
-0.0258654; -0.0240446; -0.0296921; 0.0021731; 0.0105948; -0.00315563; 
-0.0238042; -0.0199793; -0.0326486; 0.00104972; 0.00750439; -0.00241022; 
-0.0214542; -0.015743; -0.0351107; 9.61972e-006; 0.00451638; -0.0017119; 
-0.0188661; -0.0112917; -0.0370566; -0.000941815; 0.00166086; -0.00105977; 
-0.0160917; -0.00690211; -0.0378988; -0.00180074; -0.00108598; -0.000452848; 
-0.0131835; -0.00269395; -0.0378022; -0.00256473; -0.00370681; 0.000110233; 
-0.01021; 0.00128616; -0.0372276; -0.00323548; -0.0061826; 0.000633352; 
-0.00720367; 0.00502904; -0.036208; -0.00381434; -0.00849582; 0.00111725; 
-0.00463589; 0.00850245; -0.0347847; -0.00429889; -0.0106306; 0.00156251; 
-0.00233792; 0.0116693; -0.0330005; -0.00469043; -0.0125727; 0.00196984; 
-0.000124028; 0.0144979; -0.0308993; -0.00499121; -0.0143098; 0.00234004; 
0.00199592; 0.0169621; -0.0285256; -0.00520438; -0.0158316; 0.002674; 
0.00400487; 0.0190413; -0.0259298; -0.0053339; -0.0171297; 0.00297273; 
0.00588329; 0.0207202; -0.0232381; -0.00538443; -0.018198; 0.0032373; 
0.00761367; 0.0219894; -0.0203792; -0.00536126; -0.0190329; 0.00346886; 
0.00918052; 0.0228449; -0.0173966; -0.00527021; -0.0193072; 0.00366863; 
0.0105706; 0.0231939; -0.0143546; -0.00511751; -0.0192559; 0.0038379; 
0.0117433; 0.0231219; -0.0117075; -0.00490968; -0.0190042; 0.00397799; 
0.0125697; 0.0226743; -0.00909524; -0.00465352; -0.0185673; 0.0040903; 
0.0131907; 0.021878; -0.00654629; -0.00435589; -0.0179625; 0.00417622; 
0.0136083; 0.0207639; -0.00408135; -0.00402372; -0.0172074; 0.00423721; 
0.0138285; 0.0193659; -0.00172109; -0.00366386; -0.0163201; 0.00427472; 
0.0138594; 0.0177201; 0.000529989; -0.00328304; -0.0153184; 0.00429022; 
0.0137112; 0.0158647; 0.00267105; -0.00288774; -0.0142204; 0.00428519; 
0.0133953; 0.0138605; 0.00468648; -0.00248417; -0.013069; 0.0042611; 
0.0129247; 0.011726; 0.00656233; -0.00207818; -0.011855; 0.00421942; 
0.0123137; 0.00949072; 0.00828622; -0.00167523; -0.0105885; 0.00416158; 
0.0115834; 0.00715781; 0.00984744; -0.00128031; -0.00928582; 0.00408902; 
0.0107522; 0.00479666; 0.0112369; -0.000897964; -0.00796252; 0.00428574; 
0.00982416; 0.00249613; 0.0124475; -0.000532193; -0.00679174; 0.00457618; 
0.00881546; 0.00028898; 0.0134736; -0.000186526; -0.0056399; 0.00482089; 
0.00774235; -0.00180059; 0.0143119; 0.000136288; -0.004509; 0.00502108; 
0.00645387; -0.00375419; 0.015012; 0.000434033; -0.00340753; 0.00517737; 
0.00493889; -0.00554787; 0.0156896; 0.000690537; -0.00234302; 0.00529053; 
0.00344193; -0.0071612; 0.0161649; 0.000834966; -0.00132214; 0.00536148; 
0.00198367; -0.0085773; 0.0164429; 0.000965781; -0.000351347; 0.00539128; 
0.000586194; -0.00978293; 0.0165283; 0.00108215; 0.00056877; 0.00538116; 
-0.000731251; -0.0107685; 0.0164276; 0.00118411; 0.00143424; 0.00533595; 
-0.00195551; -0.011528; 0.0161488; 0.00127178; 0.00224059; 0.00525517; 
-0.00307409; -0.0120593; 0.0157018; 0.00134538; 0.00298406; 0.00513841; 
-0.00407452; -0.0123627; 0.0150973; 0.00140519; 0.00366152; 0.00498741; 
-0.00494723; -0.0124063; 0.0143534; 0.0014516; 0.00427055; 0.004804; 
-0.00568514; -0.0122393; 0.0134969; 0.00148505; 0.00480937; 0.00459019; 
-0.00628371; -0.011875; 0.012517; 0.00150604; 0.00527686; 0.00433743; 
-0.00674084; -0.0113295; 0.0114277; 0.00151513; 0.00567256; 0.00405796; 
-0.00705682; -0.0106214; 0.0102437; 0.00151294; 0.00599664; 0.00375617; 
-0.00723415; -0.00977046; 0.00872565; 0.00150012; 0.00624986; 0.00343462; 
-0.0072775; -0.00879791; 0.00708432; 0.00147736; 0.00643357; 0.00309591; 
-0.00719347; -0.00772677; 0.00543027; 0.00144539; 0.00666543; 0.00274268; 
-0.00699043; -0.00658526; 0.00378462; 0.00140494; 0.00682517; 0.00237758; 
-0.00667833; -0.00538637; 0.00216818; 0.00135678; 0.00691489; 0.00200535; 
-0.00630003; -0.00415248; 0.000601269; 0.00130169; 0.00693669; 0.00162616; 
-0.00584422; -0.00290102; -0.000907292; 0.00124044; 0.00689318; 0.001242; 
-0.00531166; -0.0016703; -0.00234232; 0.00115901; 0.00678746; 0.000855484; 
-0.00471537; -0.00047934; -0.00368864; 0.0010401; 0.00662306; 0.000469211; 
-0.00406859; 0.000655237; -0.00493265; 0.000918225; 0.00640388; 8.57284e-005; 
-0.00338473; 0.00172082; -0.00606243; 0.000794767; 0.00613412; -0.000292466; 
-0.00267768; 0.0027038; -0.00706777; 0.000671411; 0.00582322; -0.000662942; 
-0.00196069; 0.00359227; -0.00794029; 0.000549707; 0.00547061; -0.00102335; 
-0.00129913; 0.00437638; -0.00867347; 0.000431058; 0.00508054; -0.00137143; 
-0.000753914; 0.0050484; -0.00926273; 0.000316718; 0.00465795; -0.00170506; 
-0.000221255; 0.00560271; -0.00970542; 0.000207786; 0.00420792; -0.0019879; 
0.000291596; 0.0060358; -0.00986449; 0.000105204; 0.00365384; -0.00207247; 
0.000779502; 0.00634628; -0.00983861; 9.76117e-006; 0.00307987; -0.00214154; 
0.00123722; 0.00653474; -0.0096831; -7.79079e-005; 0.00250144; -0.00219513; 
0.00166008; 0.00659552; -0.00940719; -0.000157316; 0.00192484; -0.00223418; 
0.00204405; 0.00654186; -0.00902174; -0.000228118; 0.00135607; -0.00225964; 
0.00238573; 0.00638052; -0.00853833; -0.000290112; 0.000800716; -0.00227244; 
0.00268236; 0.0061197; -0.00796912; -0.000343257; 0.000264216; -0.00227351; 
0.00290585; 0.00576882; -0.00732665; -0.000387547; -0.000250255; -0.00226375; 
0.00307261; 0.00533828; -0.00662539; -0.00042312; -0.000738369; -0.00224405; 
0.00319078; 0.00483926; -0.0058806; -0.000450213; -0.00119621; -0.00221529; 
0.00326127; 0.00428351; -0.00509869; -0.000469151; -0.00162033; -0.0021783; 
0.00328566; 0.00368535; -0.00429211; -0.000480339; -0.00200779; -0.00213474; 
0.00326607; 0.00305396; -0.00351626; -0.000484245; -0.00235614; -0.00208468; 
0.00320502; 0.00240147; -0.00283902; -0.000481398; -0.00266342; -0.00202866; 
0.00310547; 0.00173276; -0.00216567; -0.000472366; -0.0029282; -0.0019674; 
0.00297071; 0.0010686; -0.00150431; -0.000457755; -0.00314955; -0.00190156; 
0.0028043; 0.000421434; -0.000861286; -0.000438195; -0.00332703; -0.00183182; 
0.00261091; -0.00019882; -0.000242566; -0.000414328; -0.00346068; -0.00175879; 
0.00239343; -0.000783992; 0.000348071; -0.000386803; -0.00349145; -0.00168307; 
0.00215586; -0.00132629; 0.000906235; -0.000356263; -0.00348023; -0.00160522; 
0.00190229; -0.00181876; 0.00142761; -0.000323341; -0.00343232; -0.00152577; 
0.00162659; -0.00225564; 0.00190845; -0.000288651; -0.00335056; -0.0014452; 
0.00126978; -0.00263234; 0.00234558; -0.000252782; -0.00323804; -0.00136501; 
0.000914058; -0.00294551; 0.00273643; -0.00021629; -0.00309794; -0.00128536; 
0.000564202; -0.00319299; 0.00307902; -0.000179698; -0.00293355; -0.00120587; 
0.000225915; -0.0033738; 0.00337193; -0.000143489; -0.0027482; -0.00112688; 
-9.56872e-005; -0.00348814; 0.00361436; -0.000108102; -0.00254523; -0.00104872; 
-0.000396213; -0.00353492; 0.00380603; -7.39325e-005; -0.00232893; -0.000971691; 
-0.000671973; -0.00351761; 0.00399582; -4.13292e-005; -0.00210129; -0.000896047; 
-0.000919683; -0.00344113; 0.00415726; -1.05936e-005; -0.00186546; -0.000822031; 
-0.00113675; -0.00330977; 0.00426605; 1.80244e-005; -0.00162449; -0.000749854; 
-0.00132126; -0.00312858; 0.00432304; 4.43183e-005; -0.0013874; -0.000679706; 
-0.00147195; -0.00290316; 0.0043294; 6.81271e-005; -0.00117994; -0.00061175; 
-0.00158821; -0.00263959; 0.00428678; 8.49741e-005; -0.000973473; -0.000546128; 
-0.00167007; -0.00234426; 0.00419733; 9.62065e-005; -0.000770068; -0.00048296; 
-0.00171811; -0.00202426; 0.00406362; 0.000106134; -0.000571365; -0.000422347; 
-0.00173349; -0.00168582; 0.00388866; 0.000114732; -0.000378862; -0.000364369; 
-0.00171784; -0.00133539; 0.00367698; 0.000122016; -0.000193915; -0.00030909; 
-0.00167324; -0.000980088; 0.00343141; 0.000128011; -1.77422e-005; -0.000256554; 
-0.00160215; -0.000626768; 0.00315506; 0.000132748; 0.00014876; -0.000206794; 
-0.001514; -0.000281141; 0.00285198; 0.000136266; 0.00030465; -0.000159823; 
-0.00140928; 5.13509e-005; 0.00251007; 0.00013861; 0.000449131; -0.000115644; 
-0.00128556; 0.000365993; 0.00208744; 0.000139831; 0.000581546; -7.42452e-005; 
-0.001146; 0.000658497; 0.00165615; 0.000139985; 0.000701382; -3.56053e-005; 
-0.000993797; 0.000925053; 0.0012215; 0.00013913; 0.000808262; 3.09448e-007; 
-0.000832199; 0.00116247; 0.000789485; 0.000137332; 0.000901947; 3.35524e-005; 
-0.000664462; 0.00136822; 0.000365837; 0.000134656; 0.000982327; 6.4175e-005; 
-0.000493821; 0.0015404; -4.44186e-005; 0.00013117; 0.00104942; 9.22337e-005; 
-0.000329719; 0.00167778; -0.000436826; 0.000126947; 0.00110334; 0.000117792; 
-0.000200158; 0.00177978; -0.0008069; 0.000122056; 0.00114435; 0.000140922; 
-7.29574e-005; 0.00184641; -0.00115063; 0.000116572; 0.00117994; 0.000161697; 
4.98792e-005; 0.00187812; -0.00146453; 0.00010791; 0.00121902; 0.000180201; 
0.000166979; 0.00187614; -0.00174563; 9.72697e-005; 0.00124502; 0.000196517; 
0.000277049; 0.00184235; -0.0019915; 8.62952e-005; 0.00125836; 0.000210734; 
0.000378939; 0.00177893; -0.00220029; 7.51322e-005; 0.00125943; 0.000222945; 
0.000471652; 0.00168845; -0.00237071; 6.39358e-005; 0.00124869; 0.000233243; 
0.000554349; 0.00157381; -0.00250203; 5.28497e-005; 0.0012267; 0.000241723; 
0.000626357; 0.00143817; -0.0025819; 4.20046e-005; 0.00119412; 0.000248483; 
0.000682534; 0.00128489; -0.00259264; 3.15183e-005; 0.00115165; 0.000253619; 
0.000724145; 0.00111756; -0.00256815; 2.14948e-005; 0.00110012; 0.00025723; 
0.000754194; 0.000939645; -0.00251038; 1.20243e-005; 0.00104047; 0.000259411; 
0.000772849; 0.0007546; -0.00242207; 3.18264e-006; 0.00097339; 0.000260261; 
0.000780456; 0.000565207; -0.0023062; -4.96791e-006; 0.000899807; 0.000259873; 
0.000777486; 0.000374931; -0.00216595; -1.23788e-005; 0.000820654; 0.000258342; 
0.000764524; 0.000187994; -0.00200462; -1.90148e-005; 0.000733552; 0.000255759; 
0.000742255; 7.40218e-006; -0.00182561; -2.48529e-005; 0.000630925; 0.000252215; 
0.000711447; -0.00016413; -0.00163273; -2.98827e-005; 0.000526507; 0.000247796; 
0.000672942; -0.000324183; -0.00142902; -3.41043e-005; 0.000421369; 0.000251445; 
0.00062768; -0.000470607; -0.00121773; -3.75279e-005; 0.000316678; 0.000270112; 
0.000576557; -0.000601589; -0.00100215; -4.01733e-005; 0.000213537; 0.000285994; 
0.000520528; -0.000715671; -0.000819771; -4.20686e-005; 0.000112988; 0.000299194; 
0.000460574; -0.000811753; -0.000642557; -4.32493e-005; 1.5969e-005; 0.000309736; 
0.000397676; -0.000889098; -0.00046723; -4.3757e-005; -7.66775e-005; 0.000317651; 
0.000313693; -0.00094732; -0.000295649; -4.36388e-005; -0.000164162; 0.000322982; 
0.000229119; -0.000986382; -0.000129481; -4.29461e-005; -0.000245786; 0.000325784; 
0.000145649; -0.00100643; 2.97987e-005; -4.17336e-005; -0.000320947; 0.000326119; 
6.46603e-005; -0.00100786; 0.000180901; -4.00581e-005; -0.00038914; 0.000324068; 
-1.2593e-005; -0.000991943; 0.000322599; -3.79782e-005; -0.000449954; 0.000319721; 
-8.49997e-005; -0.00095982; 0.000453823; -3.55528e-005; -0.000503081; 0.00031316; 
-0.000151607; -0.000912867; 0.000573672; -3.28407e-005; -0.000548306; 0.000304487; 
-0.000211606; -0.000852642; 0.000681406; -2.98999e-005; -0.000585511; 0.000293817; 
-0.000264347; -0.00078085; 0.000776451; -2.67864e-005; -0.000614668; 0.000281271; 
-0.000309347; -0.000699308; 0.000858398; -2.35543e-005; -0.00063249; 0.000266736; 
-0.000346285; -0.000609924; 0.000926998; -2.0255e-005; -0.000635116; 0.000250414; 
-0.000374997; -0.000514634; 0.000982156; -1.69365e-005; -0.000630809; 0.000232653; 
-0.000395472; -0.000415323; 0.00102969; -1.36435e-005; -0.000619975; 0.000213602; 
-0.000407842; -0.000314038; 0.00107805; -1.04168e-005; -0.00060315; 0.00019342; 
-0.000412371; -0.000212899; 0.00111243; -7.29294e-006; -0.000580899; 0.000172268; 
-0.000409445; -0.000113281; 0.00113309; -4.30462e-006; -0.00055381; 0.000150309; 
-0.000399553; -1.68105e-005; 0.00114023; -1.48001e-006; -0.000522486; 0.000127714; 
-0.00038328; 7.50427e-005; 0.00113424; 1.15698e-006; -0.000487534; 0.000104645; 
-0.000362576; 0.000160968; 0.00111561; 3.58673e-006; -0.000449578; 8.12617e-005; 
-0.000338261; 0.000239804; 0.00108498; 5.79381e-006; -0.000409223; 5.7727e-005; 
-0.000309324; 0.000310568; 0.00104307; 7.76685e-006; -0.000367034; 3.42027e-005; 
-0.000276526; 0.000372466; 0.000990788; 8.98866e-006; -0.000323583; 1.08466e-005; 
-0.000240627; 0.00042489; 0.000929099; 9.89672e-006; -0.000279417; -1.21875e-005; 
-0.000202402; 0.000467428; 0.000858908; 1.0683e-005; -0.000238615; -3.4751e-005; 
-0.000162626; 0.000499853; 0.000781282; 1.13476e-005; -0.000200965; -5.67015e-005; 
-0.000122066; 0.000522122; 0.00069734; 1.18929e-005; -0.000163599; -7.79032e-005; 
-8.18912e-005; 0.000534384; 0.000591395; 1.23218e-005; -0.000126867; -9.82279e-005; 
-5.10732e-005; 0.000536969; 0.000478749; 1.26381e-005; -9.10617e-005; -0.000117556; 
-2.07411e-005; 0.000530269; 0.000364481; 1.2846e-005; -5.64533e-005; -0.000123967; 
8.60275e-006; 0.000514867; 0.000250162; 1.29502e-005; -2.32853e-005; -0.000128409; 
3.66186e-005; 0.000491464; 0.000137342; 1.29559e-005; 8.22882e-006; -0.000131911; 
6.29938e-005; 0.000460862; 2.74881e-005; 1.28687e-005; 3.79022e-005; -0.000134523; 
8.74498e-005; 0.000423944; -7.80865e-005; 1.26945e-005; 6.55715e-005; -0.000136303; 
0.000109745; 0.000381657; -0.000178139; 1.24395e-005; 9.11004e-005; -0.000137305; 
0.000129674; 0.000334995; -0.000271549; 1.21101e-005; 0.000114379; -0.000137584; 
0.000147075; 0.000284979; -0.000357334; 1.1713e-005; 0.000135325; -0.000137194; 
0.000160933; 0.000232615; -0.000434656; 1.12546e-005; 0.000153881; -0.00013619; 
0.000171144; 0.000178867; -0.000502823; 1.06593e-005; 0.000170012; -0.000134622; 
0.000178605; 0.000124448; -0.000561299; 9.72533e-006; 0.00018371; -0.000132541; 
0.000183349; 7.06589e-005; -0.000609698; 8.74928e-006; 0.000194988; -0.000129999; 
0.000185455; 1.8384e-005; -0.000647788; 7.74326e-006; 0.000203879; -0.000127042; 
0.00018503; -3.15584e-005; -0.000675485; 6.72228e-006; 0.000210437; -0.000123716; 
0.00018221; -7.84357e-005; -0.000682735; 5.70032e-006; 0.000217681; -0.000120062; 
0.000177156; -0.000121599; -0.000679618; 4.69032e-006; 0.000223919; -0.000116125; 
0.000170049; -0.000160497; -0.000667488; 3.70403e-006; 0.000227808; -0.000111944; 
0.000161086; -0.000194676; -0.000647024; 2.75202e-006; 0.000229415; -0.000107557; 
0.000150482; -0.00022379; -0.00061899; 1.8436e-006; 0.000228813; -0.000103002; 
0.000138458; -0.000247594; -0.000584206; 9.86789e-007; 0.000226095; -9.83116e-005; 
0.000125243; -0.000265947; -0.000543538; 1.88352e-007; 0.000221368; -9.35193e-005; 
0.00011107; -0.000278809; -0.000497877; -5.46229e-007; 0.000214753; -8.86552e-005; 
9.61739e-005; -0.000286237; -0.000448147; -1.2127e-006; 0.000206387; -8.37932e-005; 
7.67584e-005; -0.000288286; -0.000395257; -1.80801e-006; 0.000196419; -7.90092e-005; 
5.66444e-005; -0.000285279; -0.000340085; -2.33024e-006; 0.000185003; -7.42247e-005; 
3.67589e-005; -0.000277527; -0.000283512; -2.77856e-006; 0.000172298; -6.94618e-005; 
1.74235e-005; -0.000265403; -0.000231875; -3.15314e-006; 0.000158474; -6.47406e-005; 
-1.05893e-006; -0.000249337; -0.000185228; -3.45505e-006; 0.000143703; -6.00791e-005; 
-1.84183e-005; -0.000229805; -0.000138829; -3.68625e-006; 0.000126511; -5.54942e-005; 
-3.44209e-005; -0.000207318; -9.32299e-005; -3.84939e-006; 0.000107695; -5.10007e-005; 
-4.88693e-005; -0.000182412; -4.88837e-005; -3.94782e-006; 8.86156e-005; -4.66121e-005; 
-6.16049e-005; -0.000155642; -6.2101e-006; -3.98543e-006; 6.94783e-005; -4.23405e-005; 
-7.25081e-005; -0.000127556; 3.44192e-005; -3.96658e-006; 5.04922e-005; -3.81965e-005; 
-8.14982e-005; -9.87023e-005; 7.2665e-005; -3.89603e-006; 3.1855e-005; -3.41892e-005; 
-8.85325e-005; -6.97817e-005; 0.00010823; -3.7788e-006; 1.37516e-005; -3.03265e-005; 
-9.36049e-005; -4.1142e-005; 0.00014086; -3.62012e-006; -3.6495e-006; -2.66151e-005; 
-9.67433e-005; -1.32528e-005; 0.000170347; -3.42534e-006; -2.0194e-005; -2.30605e-005; 
-9.80081e-005; 1.34489e-005; 0.000196523; -3.19985e-006; -3.5744e-005; -1.9667e-005; 
-9.74883e-005; 3.85695e-005; 0.00021927; -2.94901e-006; -5.01783e-005; -1.64378e-005; 
-9.52987e-005; 6.17612e-005; 0.000238507; -2.67808e-006; -6.33939e-005; -1.33754e-005; 
-9.15763e-005; 8.27261e-005; 0.0002542; -2.39217e-006; -7.53054e-005; -1.04811e-005; 
-8.67114e-005; 0.000101219; 0.000266352; -2.09618e-006; -8.58457e-005; -7.75542e-006; 
-8.10563e-005; 0.000117051; 0.000280093; -1.79474e-006; -9.49655e-005; -5.19806e-006; 
-7.42827e-005; 0.000130085; 0.00029041; -1.49221e-006; -0.000102633; -2.80802e-006; 
-6.65726e-005; 0.000140241; 0.000297095; -1.1926e-006; -0.000108834; -5.83606e-007; 
-5.81061e-005; 0.000147492; 0.000300193; -8.99566e-007; -0.00011357; 1.47754e-006; 
-4.90674e-005; 0.000151859; 0.000299789; -6.16417e-007; -0.000115499; 3.37832e-006; 
-3.96412e-005; 0.000153446; 0.000296001; -3.46054e-007; -0.000115488; 5.12212e-006; 
-3.00096e-005; 0.000152338; 0.000288985; -9.09937e-008; -0.00011424; 6.71276e-006; 
-2.03486e-005; 0.000148686; 0.000278924; 1.46643e-007; -0.000111838; 8.15449e-006; 
-1.28866e-005; 0.000142683; 0.000266034; 3.65124e-007; -0.000108384; 9.45192e-006; 
-5.65954e-006; 0.000134548; 0.000250561; 5.631e-007; -0.000103982; 1.061e-005; 
1.34383e-006; 0.000124527; 0.000232757; 7.39591e-007; -9.87397e-005; 1.16338e-005; 
8.03951e-006; 0.000112886; 0.000212898; 8.6507e-007; -9.27679e-005; 1.25287e-005; 
1.43523e-005; 9.99061e-005; 0.000191276; 9.45006e-007; -8.61776e-005; 1.33005e-005; 
2.02151e-005; 8.58762e-005; 0.00016556; 1.01381e-006; -7.90804e-005; 1.39546e-005; 
2.55693e-005; 7.10872e-005; 0.000136117; 1.0714e-006; -7.15845e-005; 1.4497e-005; 
3.03657e-005; 5.58293e-005; 0.000106113; 1.11801e-006; -6.3796e-005; 1.49336e-005; 
3.45641e-005; 4.03058e-005; 7.59439e-005; 1.15394e-006; -5.58175e-005; 1.52703e-005; 
3.79664e-005; 2.48585e-005; 4.60252e-005; 1.17957e-006; -4.77474e-005; 1.5513e-005; 
4.04608e-005; 9.76569e-006; 1.67532e-005; 1.19528e-006; -4.07915e-005; 1.56676e-005; 
4.23015e-005; -4.73177e-006; -1.15047e-005; 1.20155e-006; -3.39493e-005; 1.574e-005; 
4.3495e-005; -1.84155e-005; -3.84091e-005; 1.19887e-006; -2.71852e-005; 1.5736e-005; 
4.40588e-005; -3.10919e-005; -6.36524e-005; 1.18777e-006; -2.05564e-005; 1.56614e-005; 
4.40182e-005; -4.25941e-005; -8.69623e-005; 1.16881e-006; -1.41151e-005; 1.55216e-005; 
4.34047e-005; -5.27839e-005; -0.000108104; 1.14258e-006; -7.90846e-006; 1.53223e-005; 
4.22557e-005; -6.15528e-005; -0.000126884; 1.10966e-006; -1.97928e-006; 1.50688e-005; 
4.06139e-005; -6.88218e-005; -0.000143145; 1.07069e-006; 3.63492e-006; 1.48448e-005; 
3.8526e-005; -7.45419e-005; -0.000156775; 1.02626e-006; 8.90136e-006; 1.60251e-005; 
3.60422e-005; -7.8693e-005; -0.0001677; 9.44779e-007; 1.37922e-005; 1.70346e-005; 
3.32153e-005; -8.1283e-005; -0.000175885; 8.57479e-007; 1.82845e-005; 1.78817e-005; 
3.00996e-005; -8.23311e-005; -0.000179627; 7.666e-007; 2.23602e-005; 1.85675e-005; 
2.67507e-005; -8.1905e-005; -0.00017962; 6.73549e-007; 2.6006e-005; 1.90939e-005; 
2.32242e-005; -8.00938e-005; -0.000177195; 5.79663e-007; 2.92132e-005; 1.9463e-005; 
1.87292e-005; -7.69986e-005; -0.000172509; 4.86186e-007; 3.19776e-005; 1.96781e-005; 
1.39464e-005; -7.2738e-005; -0.000165758; 3.94261e-007; 3.42991e-005; 1.97426e-005; 
9.21135e-006; -6.74442e-005; -0.000157154; 3.04923e-007; 3.61816e-005; 1.96609e-005; 
4.59897e-006; -6.12605e-005; -0.000146921; 2.19093e-007; 3.76328e-005; 1.9438e-005; 
1.82139e-007; -5.43385e-005; -0.000135293; 1.37578e-007; 3.87192e-005; 1.90793e-005; 
-3.97405e-006; -4.68347e-005; -0.000122509; 6.10652e-008; 4.0125e-005; 1.85909e-005; 
-7.81295e-006; -3.89072e-005; -0.000108812; -9.8726e-009; 4.10937e-005; 1.79795e-005; 
-1.12867e-005; -3.07136e-005; -9.44362e-005; -7.47791e-008; 4.16405e-005; 1.72525e-005; 
-1.43566e-005; -2.24416e-005; -7.96177e-005; -1.3331e-007; 4.17765e-005; 1.64108e-005; 
-1.69933e-005; -1.4222e-005; -6.51063e-005; -1.85228e-007; 4.15164e-005; 1.54513e-005; 
-1.91766e-005; -6.17555e-006; -5.28342e-005; -2.30399e-007; 4.0878e-005; 1.44018e-005; 
-2.08956e-005; 1.56885e-006; -4.05698e-005; -2.68785e-007; 3.98819e-005; 1.32714e-005; 
-2.21479e-005; 8.89453e-006; -2.84727e-005; -3.00436e-007; 3.85514e-005; 1.20695e-005; 
-2.29394e-005; 1.56977e-005; -1.66657e-005; -3.25486e-007; 3.69117e-005; 1.08059e-005; 
-2.32837e-005; 2.18889e-005; -5.26276e-006; -3.44139e-007; 3.49906e-005; 9.49046e-006; 
-2.32014e-005; 2.73933e-005; 5.63262e-006; -3.56669e-007; 3.28166e-005; 8.13308e-006; 
-2.27192e-005; 3.21517e-005; 1.59274e-005; -3.63401e-007; 3.04198e-005; 6.74386e-006; 
-2.18691e-005; 3.61209e-005; 2.55393e-005; -3.64714e-007; 2.78313e-005; 5.33278e-006; 
-2.07266e-005; 3.92729e-005; 3.43976e-005; -3.61021e-007; 2.50828e-005; 3.90979e-006; 
-1.94116e-005; 4.15954e-005; 4.24434e-005; -3.52771e-007; 2.17149e-005; 2.48473e-006; 
-1.78264e-005; 4.30906e-005; 4.96292e-005; -3.40432e-007; 1.82666e-005; 1.06722e-006; 
-1.60144e-005; 4.37815e-005; 5.59195e-005; -3.24491e-007; 1.47833e-005; -3.3335e-007; 
-1.40182e-005; 4.36945e-005; 6.12901e-005; -3.05439e-007; 1.13042e-005; -1.70789e-006; 
-1.18816e-005; 4.28663e-005; 6.5728e-005; -2.83772e-007; 7.8667e-006; -3.04767e-006; 
-9.64855e-006; 4.13485e-005; 6.92309e-005; -2.59978e-007; 4.50588e-006; -4.34436e-006; 
-7.36236e-006; 3.92016e-005; 7.26972e-005; -2.34533e-007; 1.25442e-006; -5.59008e-006; 
-5.06511e-006; 3.6494e-005; 7.57341e-005; -2.079e-007; -1.8578e-006; -6.77743e-006; 
-3.23607e-006; 3.33001e-005; 7.7807e-005; -1.80519e-007; -4.80375e-006; -7.4106e-006; 
-1.51474e-006; 2.96989e-005; 7.89301e-005; -1.52803e-007; -7.55947e-006; -7.69596e-006; 
1.56259e-007; 2.57723e-005; 7.91217e-005; -1.25141e-007; -1.01042e-005; -7.9246e-006; 
1.756e-006; 2.16037e-005; 7.84104e-005; -9.78869e-008; -1.24203e-005; -8.09845e-006; 
3.26642e-006; 1.72763e-005; 7.68338e-005; -7.13641e-008; -1.44937e-005; -8.22088e-006; 
4.67135e-006; 1.28576e-005; 7.4438e-005; -4.586e-008; -1.63133e-005; -8.29527e-006; 
5.95669e-006; 8.42844e-006; 7.12772e-005; -2.16267e-008; -1.78714e-005; -8.32495e-006; 
7.11048e-006; 4.07854e-006; 6.74126e-005; 1.11984e-009; -1.91636e-005; -8.31321e-006; 
8.12295e-006; -1.21639e-007; 6.29109e-005; 2.21997e-008; -2.01885e-005; -8.26328e-006; 
8.95681e-006; -4.10755e-006; 5.78437e-005; 4.14685e-008; -2.09195e-005; -8.17834e-006; 
9.56524e-006; -7.82159e-006; 5.22868e-005; 5.88164e-008; -2.1061e-005; -8.06146e-006; 
1.00183e-005; -1.12137e-005; 4.60852e-005; 7.4167e-008; -2.097e-005; -7.91565e-006; 
1.03172e-005; -1.42419e-005; 3.83969e-005; 8.45092e-008; -2.06585e-005; -7.74382e-006; 
1.04659e-005; -1.68725e-005; 3.05296e-005; 9.13456e-008; -2.01441e-005; -7.54878e-006; 
1.04703e-005; -1.90804e-005; 2.25809e-005; 9.71513e-008; -1.94453e-005; -7.33321e-006; 
1.03377e-005; -2.08491e-005; 1.46626e-005; 1.01927e-007; -1.85814e-005; -7.09972e-006; 
1.00768e-005; -2.21704e-005; 6.8811e-006; 1.05698e-007; -1.75723e-005; -6.85077e-006; 
9.69776e-006; -2.30441e-005; -6.63904e-007; 1.08497e-007; -1.64382e-005; -6.58872e-006; 
9.21149e-006; -2.34757e-005; -7.88006e-006; 1.10358e-007; -1.51994e-005; -6.31581e-006; 
8.62989e-006; -2.34783e-005; -1.46833e-005; 1.11324e-007; -1.38759e-005; -6.03417e-006; 
7.96543e-006; -2.30776e-005; -2.09987e-005; 1.11437e-007; -1.24874e-005; -5.74578e-006; 
7.23104e-006; -2.23008e-005; -2.67613e-005; 1.10747e-007; -1.10531e-005; -5.45252e-006; 
6.4399e-006; -2.11803e-005; -3.19161e-005; 1.09304e-007; -9.59129e-006; -5.1563e-006; 
5.60524e-006; -1.97528e-005; -3.64191e-005; 1.07162e-007; -8.18853e-006; -4.86722e-006; 
4.56492e-006; -1.80584e-005; -4.02365e-005; 1.04375e-007; -6.94032e-006; -4.57767e-006; 
3.42778e-006; -1.61398e-005; -4.33458e-005; 1.00999e-007; -5.69829e-006; -4.28903e-006; 
2.30048e-006; -1.40414e-005; -4.57347e-005; 9.7093e-008; -4.47475e-006; -4.00255e-006; 
1.20049e-006; -1.18082e-005; -4.71954e-005; 9.02706e-008; -3.27964e-006; -3.71936e-006; 
1.45325e-007; -9.48559e-006; -4.74055e-005; 8.24066e-008; -2.12212e-006; -3.44049e-006; 
-8.49357e-007; -7.12309e-006; -4.69684e-005; 7.41629e-008; -1.01049e-006; -3.16689e-006; 
-1.76987e-006; -4.76772e-006; -4.592e-005; 6.56659e-008; 4.78302e-008; -2.89939e-006; 
-2.60462e-006; -2.45002e-006; -4.43102e-005; 5.70419e-008; 1.04632e-006; -2.63875e-006; 
-3.3442e-006; -2.07824e-007; -4.21935e-005; 4.8409e-008; 1.97934e-006; -2.38563e-006; 
-3.9814e-006; 1.92445e-006; -3.96281e-005; 3.98763e-008; 2.84219e-006; -2.14063e-006; 
-4.51122e-006; 3.91598e-006; -3.6675e-005; 3.15433e-008; 3.63104e-006; -1.90423e-006; 
-4.93083e-006; 5.73992e-006; -3.33967e-005; 2.34991e-008; 4.34293e-006; -1.67687e-006; 
-5.23947e-006; 7.37361e-006; -2.98568e-005; 1.58223e-008; 4.97579e-006; -1.4589e-006; 
-5.43837e-006; 8.79882e-006; -2.61184e-005; 8.58072e-009; 5.52835e-006; -1.2506e-006; 
-5.53057e-006; 1.00018e-005; -2.22436e-005; 1.83148e-009; 6.00014e-006; -1.0522e-006; 
-5.5208e-006; 1.09732e-005; -1.8293e-005; -4.37902e-009; 6.39146e-006; -8.63839e-007; 
-5.41529e-006; 1.17082e-005; -1.49628e-005; -1.00148e-008; 6.70328e-006; -6.85632e-007; 
-5.22156e-006; 1.22062e-005; -1.17254e-005; -1.50501e-008; 6.93726e-006; -5.17624e-007; 
-4.95336e-006; 1.24717e-005; -8.51984e-006; -1.94686e-008; 7.16269e-006; -3.59811e-007; 
-4.64774e-006; 1.25132e-005; -5.38043e-006; -2.32632e-008; 7.38723e-006; -2.12145e-007; 
-4.27689e-006; 1.2339e-005; -2.33803e-006; -2.64352e-008; 7.53321e-006; -7.45371e-008; 
-3.85114e-006; 1.1963e-005; 5.79112e-007; -2.89938e-008; 7.60305e-006; 5.31434e-008; 
-3.3806e-006; 1.14019e-005; 3.3455e-006; -3.09553e-008; 7.59906e-006; 1.7106e-007; 
-2.87565e-006; 1.06745e-005; 5.93852e-006; -3.2342e-008; 7.52412e-006; 2.7941e-007; 
-2.34673e-006; 9.80152e-006; 8.33855e-006; -3.31823e-008; 7.3817e-006; 3.78417e-007; 
-1.80417e-006; 8.80531e-006; 1.0529e-005; -3.35088e-008; 7.17574e-006; 4.68332e-007; 
-1.258e-006; 7.70901e-006; 1.24965e-005; -3.33585e-008; 6.91063e-006; 5.49427e-007; 
-8.10172e-007; 6.53638e-006; 1.42306e-005; -3.27713e-008; 6.59116e-006; 6.21993e-007; 
-4.0025e-007; 5.31126e-006; 1.5724e-005; -3.17897e-008; 6.2224e-006; 6.86341e-007; 
-1.61851e-009; 4.05552e-006; 1.69724e-005; -3.04578e-008; 5.80973e-006; 7.42793e-007; 
3.80522e-007; 2.78754e-006; 1.79742e-005; -2.88207e-008; 5.3587e-006; 7.91683e-007; 
7.41837e-007; 1.53584e-006; 1.88456e-005; -2.6924e-008; 4.87502e-006; 8.33355e-007; 
1.07844e-006; 3.20987e-007; 1.97285e-005; -2.48128e-008; 4.32989e-006; 8.68159e-007; 
1.38692e-006; -8.38017e-007; 2.03557e-005; -2.25317e-008; 3.70874e-006; 8.9645e-007; 
1.66439e-006; -1.92409e-006; 2.07317e-005; -2.01236e-008; 3.0774e-006; 9.18588e-007; 
1.90848e-006; -2.92225e-006; 2.08604e-005; -1.76299e-008; 2.44251e-006; 9.34931e-007; 
2.11263e-006; -3.8198e-006; 2.07484e-005; -1.50898e-008; 1.81111e-006; 9.45838e-007; 
2.26092e-006; -4.60641e-006; 2.0405e-005; -1.25401e-008; 1.18983e-006; 9.51666e-007; 
2.37228e-006; -5.27416e-006; 1.98415e-005; -1.00146e-008; 5.84907e-007; 9.52766e-007; 
2.44693e-006; -5.81759e-006; 1.90716e-005; -7.5443e-009; 2.10126e-009; 9.49488e-007; 
2.48577e-006; -6.23365e-006; 1.81107e-005; -5.15702e-009; -5.53341e-007; 9.42172e-007; 
2.49014e-006; -6.52161e-006; 1.69762e-005; -2.87733e-009; -1.07671e-006; 9.31153e-007; 
2.46175e-006; -6.68289e-006; 1.56864e-005; -7.26486e-010; -1.56388e-006; 9.16757e-007; 
2.40267e-006; -6.71964e-006; 1.4261e-005; 1.27757e-009; -2.01128e-006; 8.99301e-007; 
2.31524e-006; -6.63912e-006; 1.27207e-005; 3.12021e-009; -2.41596e-006; 9.49366e-007; 
2.20206e-006; -6.44862e-006; 1.07744e-005; 4.79001e-009; -2.77556e-006; 1.0135e-006; 
2.06593e-006; -6.157e-006; 8.71358e-006; 6.27868e-009; -3.08833e-006; 1.06767e-006; 
1.9098e-006; -5.77442e-006; 6.62252e-006; 7.5809e-009; -3.35309e-006; 1.11205e-006; 
1.73675e-006; -5.31205e-006; 4.53013e-006; 8.29453e-009; -3.56925e-006; 1.14675e-006; 
1.54989e-006; -4.78189e-006; 2.4649e-006; 8.86287e-009; -3.73675e-006; 1.17189e-006; 
1.35238e-006; -4.1965e-006; 4.5375e-007; 9.33533e-009; -3.82508e-006; 1.18765e-006; 
1.11183e-006; -3.56873e-006; -1.4783e-006; 9.71375e-009; -3.83395e-006; 1.19423e-006; 
8.41496e-007; -2.91152e-006; -3.30836e-006; 1.00009e-008; -3.80128e-006; 1.19188e-006; 
5.73153e-007; -2.23785e-006; -5.0159e-006; 1.01999e-008; -3.72968e-006; 1.18089e-006; 
3.10865e-007; -1.56395e-006; -6.58291e-006; 1.03146e-008; -3.62243e-006; 1.16158e-006; 
5.88363e-008; -8.97403e-007; -7.99407e-006; 1.03488e-008; -3.48295e-006; 1.13431e-006; 
-1.79166e-007; -2.4927e-007; -9.23683e-006; 1.03071e-008; -3.31483e-006; 1.09947e-006; 
-3.9984e-007; 3.70318e-007; -1.03014e-005; 1.01939e-008; -3.1217e-006; 1.05751e-006; 
-6.0038e-007; 9.52233e-007; -1.1181e-005; 1.00143e-008; -2.90725e-006; 1.00886e-006; 
-7.78496e-007; 1.48845e-006; -1.18715e-005; 9.77325e-009; -2.67516e-006; 9.52575e-007; 
