Plaus_1; Plaus_2; Plaus_3; Belief_1; Belief_2; Belief_3
1; 1; 1; 1; 1; 1; 
1; 1; 1; 1; 1; 1; 
1; 1; 1; 1; 1; 1; 
0.99956; 0.99956; 0.99956; 0.99956; 0.99956; 0.99956; 
0.998303; 0.998303; 0.998303; 0.998303; 0.998303; 0.998303; 
0.995907; 0.995907; 0.995907; 0.995907; 0.995907; 0.995907; 
0.992103; 0.992103; 0.992102; 0.992104; 0.992104; 0.992103; 
0.986672; 0.986672; 0.986669; 0.986678; 0.986678; 0.986672; 
0.979439; 0.979439; 0.979428; 0.97946; 0.97946; 0.97944; 
0.970273; 0.970273; 0.970246; 0.970324; 0.970326; 0.970275; 
0.959079; 0.959079; 0.959021; 0.959186; 0.959189; 0.959085; 
0.9458; 0.9458; 0.945692; 0.945997; 0.946002; 0.945811; 
0.930413; 0.930413; 0.930228; 0.930741; 0.93075; 0.930431; 
0.912923; 0.912923; 0.91263; 0.913433; 0.913447; 0.912952; 
0.893366; 0.893366; 0.892929; 0.894112; 0.894132; 0.893409; 
0.871807; 0.871807; 0.871189; 0.872838; 0.872866; 0.871867; 
0.848333; 0.848333; 0.847506; 0.849692; 0.849729; 0.848413; 
0.823034; 0.823035; 0.821975; 0.824755; 0.824802; 0.823136; 
0.795996; 0.795997; 0.794684; 0.798108; 0.798164; 0.796122; 
0.767302; 0.767302; 0.765722; 0.769825; 0.769892; 0.767452; 
0.73703; 0.737031; 0.735171; 0.739983; 0.740061; 0.737207; 
0.705258; 0.705259; 0.70311; 0.708652; 0.708742; 0.705462; 
0.672059; 0.67206; 0.669615; 0.675903; 0.676004; 0.672291; 
0.637502; 0.637504; 0.63476; 0.641801; 0.641914; 0.637762; 
0.601655; 0.601657; 0.598612; 0.606411; 0.606536; 0.601943; 
0.564583; 0.564585; 0.561239; 0.569795; 0.569932; 0.564899; 
0.526346; 0.526348; 0.522703; 0.532013; 0.53216; 0.52669; 
0.487297; 0.4873; 0.483357; 0.49312; 0.493279; 0.487669; 
0.448037; 0.44804; 0.443804; 0.453758; 0.453928; 0.448436; 
0.409086; 0.409088; 0.404564; 0.414482; 0.414664; 0.409512; 
0.370889; 0.370892; 0.366085; 0.375772; 0.375965; 0.371342; 
0.333828; 0.333831; 0.328747; 0.338037; 0.33824; 0.334306; 
0.298223; 0.298226; 0.292873; 0.301624; 0.301838; 0.298726; 
0.264345; 0.264348; 0.258732; 0.266825; 0.267049; 0.264873; 
0.232418; 0.232421; 0.226549; 0.233885; 0.234119; 0.232969; 
0.202623; 0.202626; 0.196507; 0.203003; 0.203247; 0.203197; 
0.175023; 0.175027; 0.168676; 0.174281; 0.174527; 0.175526; 
0.149662; 0.149665; 0.143097; 0.14777; 0.148006; 0.149919; 
0.126563; 0.126565; 0.119785; 0.123499; 0.123707; 0.126331; 
0.105733; 0.105735; 0.0987423; 0.101474; 0.101632; 0.104711; 
0.0871631; 0.0871637; 0.0799511; 0.0816868; 0.0817687; 0.0850042; 
0.0708206; 0.0708195; 0.0633738; 0.0641074; 0.0640853; 0.0671518; 
0.0566454; 0.0566422; 0.0489491; 0.0486861; 0.0485313; 0.0510909; 
0.0445457; 0.0445399; 0.0365881; 0.0353492; 0.0350342; 0.0367543; 
0.0343963; 0.0343847; 0.0261641; 0.0239935; 0.0234942; 0.0240692; 
0.0260569; 0.0260312; 0.01753; 0.0144957; 0.0137778; 0.0129217; 
0.0193945; 0.019343; 0.0105499; 0.00673332; 0.00575385; 0.00319191; 
0.0142825; 0.0141912; 0.00509658; 0.000587899; -0.000699991; -0.0052251; 
0.0105982; 0.0104521; 0.00104982; -0.00405635; -0.00569907; -0.0124212; 
0.00822162; 0.00800572; -0.0017057; -0.00731388; -0.00935355; -0.0184774; 
0.00703378; 0.00673387; -0.00328223; -0.00929885; -0.0117708; -0.0234727; 
0.00691499; 0.00651844; -0.00379067; -0.0101276; -0.0130604; -0.0274872; 
0.00774384; 0.00724012; -0.00334313; -0.00991779; -0.0133327; -0.0306007; 
0.00939648; 0.00877752; -0.00205314; -0.00878754; -0.012698; -0.0328915; 
0.0117463; 0.0110067; -3.49486e-005; -0.00685461; -0.0112655; -0.0344359; 
0.0146688; 0.0138029; 0.00259824; -0.00423474; -0.00914241; -0.0353071; 
0.0180436; 0.0170437; 0.00573646; -0.00103777; -0.00643296; -0.0355752; 
0.0217563; 0.0206112; 0.0092735; 0.00263228; -0.00323703; -0.0353064; 
0.0256993; 0.0243946; 0.0131079; 0.00667683; 0.000350131; -0.0345627; 
0.0297728; 0.0282905; 0.0171437; 0.0110023; 0.00423792; -0.0334026; 
0.0338855; 0.0322047; 0.0212913; 0.0155212; 0.0083404; -0.0318809; 
0.0379547; 0.0360521; 0.0254683; 0.0201528; 0.0125763; -0.0300493; 
0.041907; 0.0397571; 0.0295991; 0.0248232; 0.0168702; -0.0279562; 
0.0456774; 0.0432539; 0.033616; 0.0294654; 0.0211525; -0.0256464; 
0.0492098; 0.0464856; 0.0374587; 0.0340194; 0.0253602; -0.0231614; 
0.0524568; 0.0494046; 0.0410746; 0.0384321; 0.0294366; -0.0205391; 
0.0553787; 0.0519721; 0.0444183; 0.0426569; 0.0333314; -0.0178146; 
0.0579438; 0.0541573; 0.0474517; 0.0466536; 0.0370011; -0.0150199; 
0.0601275; 0.055937; 0.0501435; 0.0503885; 0.0404081; -0.0121841; 
0.0619108; 0.0572939; 0.0524688; 0.0538335; 0.0435209; -0.00933385; 
0.0632799; 0.0582168; 0.0544089; 0.056966; 0.0463142; -0.00649338; 
0.0642259; 0.0586997; 0.0559499; 0.0597689; 0.0487677; -0.0036845; 
0.0647448; 0.0587417; 0.0570821; 0.0622295; 0.0508665; -0.000926853; 
0.0648366; 0.0583471; 0.0578; 0.0643391; 0.0526005; 0.00176198; 
0.0645057; 0.057525; 0.0581018; 0.0660917; 0.0539628; 0.00436638; 
0.0637604; 0.056289; 0.0579893; 0.0674846; 0.0549499; 0.00687259; 
0.062613; 0.0546613; 0.0574679; 0.0685175; 0.0555614; 0.00926795; 
0.0610834; 0.0526709; 0.0565463; 0.0691928; 0.0557998; 0.0115407; 
0.059199; 0.0503522; 0.0552379; 0.0695154; 0.0556704; 0.0136799; 
0.0569922; 0.0477429; 0.0535624; 0.0694922; 0.055181; 0.0156759; 
0.0544991; 0.0448827; 0.0515453; 0.0691323; 0.0543423; 0.0175201; 
0.0517583; 0.0418127; 0.0492158; 0.0684468; 0.0531682; 0.0192049; 
0.0488092; 0.0385741; 0.0466063; 0.0674489; 0.0516772; 0.0207243; 
0.0456918; 0.0352075; 0.0437509; 0.066157; 0.0498917; 0.0220733; 
0.0424451; 0.0317526; 0.0406853; 0.0645931; 0.0478368; 0.023248; 
0.0391075; 0.0282482; 0.0374451; 0.0627824; 0.0455395; 0.0242461; 
0.0357156; 0.0247312; 0.0340663; 0.0607518; 0.0430284; 0.0250661; 
0.0323046; 0.0212374; 0.0305839; 0.0585295; 0.0403325; 0.0257076; 
0.0289079; 0.0178006; 0.0270326; 0.0561438; 0.0374814; 0.0261711; 
0.0255569; 0.0144528; 0.0234461; 0.0536234; 0.0345043; 0.0264579; 
0.0222811; 0.0112237; 0.0198571; 0.0509959; 0.0314299; 0.0265702; 
0.0191076; 0.00814105; 0.0162973; 0.0482884; 0.0282863; 0.0265111; 
0.0160614; 0.0052303; 0.0127972; 0.0455266; 0.0251006; 0.0262845; 
0.013165; 0.00251436; 0.00938612; 0.0427349; 0.0218992; 0.0258952; 
0.0104385; 1.36012e-005; 0.00609174; 0.039936; 0.0187074; 0.0253489; 
0.00789949; -0.0022543; 0.00294039; 0.037151; 0.0155496; 0.0246524; 
0.00556294; -0.00427454; -4.32852e-005; 0.0343996; 0.0124488; 0.0238134; 
0.0034412; -0.00603529; -0.00283642; 0.0316995; 0.00942731; 0.0228406; 
0.00154388; -0.0075291; -0.00541807; 0.0290672; 0.00650582; 0.0217433; 
-0.000122171; -0.00875268; -0.00776942; 0.026517; 0.00370388; 0.0205314; 
-0.00155291; -0.00970668; -0.00987592; 0.0240622; 0.00103964; 0.0192154; 
-0.00274711; -0.0103954; -0.0117271; 0.0217139; -0.00147023; 0.0178061; 
-0.00370641; -0.0108266; -0.0133165; 0.0194818; -0.00381058; 0.0163145; 
-0.00443555; -0.0110111; -0.0146412; 0.0173742; -0.00596793; 0.0147519; 
-0.00494216; -0.0109627; -0.0157016; 0.0153975; -0.00793124; 0.0131295; 
-0.00523646; -0.0106973; -0.0165015; 0.0135568; -0.00969247; 0.0114584; 
-0.00533106; -0.010233; -0.0170475; 0.0118557; -0.0112463; 0.00974998; 
-0.00524066; -0.00959007; -0.0173486; 0.0102962; -0.0125902; 0.0080153; 
-0.00498175; -0.00879048; -0.0174163; 0.00887915; -0.0137238; 0.00626551; 
-0.0045723; -0.0078576; -0.0172635; 0.00760396; -0.0146491; 0.00451164; 
-0.00403122; -0.00681534; -0.016905; 0.00646885; -0.0153703; 0.00276464; 
-0.00337779; -0.00568785; -0.0163572; 0.00547088; -0.0158933; 0.00103526; 
-0.00263137; -0.00449908; -0.0156375; 0.00460604; -0.0162255; -0.000665897; 
-0.00181113; -0.00327251; -0.0147645; 0.00386935; -0.0163758; -0.00232847; 
-0.000935949; -0.00203089; -0.0137572; 0.00325493; -0.0163541; -0.00394236; 
-2.41804e-005; -0.000795912; -0.0126351; 0.00275617; -0.0161712; -0.00549818; 
0.00090646; 0.00041194; -0.0114172; 0.00236577; -0.015839; -0.0069879; 
0.00183905; 0.00157363; -0.0101228; 0.00207589; -0.01537; -0.00840472; 
0.00275759; 0.00267174; -0.00877029; 0.00187825; -0.0147771; -0.00974302; 
0.00364742; 0.00369074; -0.00737777; 0.00176425; -0.0140738; -0.0109983; 
0.00449531; 0.00461736; -0.00596268; 0.00172508; -0.0132738; -0.0121671; 
0.00528957; 0.00544066; -0.00454169; 0.00175185; -0.0123906; -0.0132467; 
0.00602005; 0.006152; -0.00313068; 0.00183566; -0.0114376; -0.0142357; 
0.00667816; 0.00674507; -0.0017446; 0.00196773; -0.010428; -0.0151329; 
0.00725693; 0.00721581; -0.000397459; 0.0021396; -0.00937461; -0.0159384; 
0.0077509; 0.00756236; 0.00089781; 0.00234338; -0.00828966; -0.0166525; 
0.00815617; 0.0077849; 0.00212937; 0.00257171; -0.00718498; -0.0172764; 
0.00847026; 0.00788562; 0.00328653; 0.00281779; -0.00607179; -0.0178115; 
0.00869213; 0.00786843; 0.00435985; 0.00307534; -0.00496074; -0.0182597; 
0.00882199; 0.00773883; 0.00534113; 0.00333863; -0.00386182; -0.0186235; 
0.00886121; 0.00750383; 0.0062235; 0.00360246; -0.00278434; -0.0189053; 
0.00881229; 0.00717179; 0.00700141; 0.00386212; -0.00173693; -0.0191081; 
0.00867876; 0.0067524; 0.00767066; 0.00411343; -0.000727477; -0.0192352; 
0.00846507; 0.00625642; 0.00822836; 0.00435268; 0.000236893; -0.0192898; 
0.0081768; 0.00569531; 0.00867291; 0.00457663; 0.00114981; -0.0192755; 
0.00782066; 0.00508098; 0.00900399; 0.00478252; 0.00200567; -0.019196; 
0.00740426; 0.00442557; 0.00922246; 0.00496799; 0.00279965; -0.0190552; 
0.00693589; 0.00374127; 0.00933027; 0.00513112; 0.00352765; -0.0188568; 
0.00642427; 0.00304009; 0.00933036; 0.00527036; 0.00418631; -0.018605; 
0.00587839; 0.0023337; 0.00922665; 0.00538455; 0.00477301; -0.0183038; 
0.00530733; 0.00163331; 0.00902393; 0.00547286; 0.00528585; -0.0179571; 
0.00472009; 0.000949504; 0.00872785; 0.00553479; 0.00572369; -0.0175691; 
0.00412545; 0.000292106; 0.00834522; 0.00557017; 0.00608605; -0.0171438; 
0.0035319; -0.000329909; 0.00788388; 0.00557907; 0.00637315; -0.0166851; 
0.00294745; -0.00090852; 0.0073524; 0.00556187; 0.00658586; -0.0161967; 
0.00237958; -0.00143674; 0.00675999; 0.00551914; 0.00672564; -0.0156826; 
0.00183515; -0.00190873; 0.00611626; 0.00545169; 0.00679451; -0.0151463; 
0.00132032; -0.00231988; 0.00543103; 0.00536062; 0.00679496; -0.0145913; 
0.000840495; -0.00266684; 0.00471429; 0.0052473; 0.00672997; -0.014021; 
0.000400267; -0.00294745; 0.00397597; 0.00511337; 0.00660297; -0.0134386; 
3.40163e-006; -0.00316078; 0.0032259; 0.00496066; 0.00641774; -0.0128471; 
-0.000347188; -0.003307; 0.00247367; 0.00479116; 0.00617862; -0.0122495; 
-0.000649448; -0.00338738; 0.00172855; 0.00460696; 0.00589033; -0.0116484; 
-0.000902176; -0.00340418; 0.000999371; 0.00441025; 0.00555796; -0.0110465; 
-0.00110498; -0.00336058; 0.000294457; 0.00420324; 0.00518683; -0.0104461; 
-0.00125826; -0.00326053; -0.000378459; 0.00398816; 0.00478243; -0.00984947; 
-0.00136315; -0.00310873; -0.00101231; 0.00376719; 0.00435036; -0.00925867; 
-0.00142145; -0.0029105; -0.00160074; 0.00354249; 0.00389624; -0.00867559; 
-0.00143562; -0.00267168; -0.00213833; 0.00331611; 0.00342566; -0.00810197; 
-0.00140866; -0.00239848; -0.00262067; 0.00309001; 0.0029441; -0.00753938; 
-0.00134403; -0.00209733; -0.00304438; 0.00286603; 0.00245695; -0.00698926; 
-0.00124563; -0.00177479; -0.00340709; 0.00264589; 0.00196938; -0.00645288; 
-0.00111757; -0.00143742; -0.00370737; 0.00243114; 0.00148637; -0.00593137; 
-0.000964048; -0.00109167; -0.00394473; 0.00222321; 0.0010126; -0.00542573; 
-0.000789354; -0.000743804; -0.00411956; 0.00202334; 0.000552485; -0.00493682; 
-0.000597763; -0.000399792; -0.00423305; 0.00183262; 0.000110106; -0.0044654; 
-0.00039351; -6.52395e-005; -0.00428712; 0.00165198; -0.000310815; -0.00401206; 
-0.000180742; 0.000254684; -0.00428436; 0.00148216; -0.000706929; -0.00357732; 
3.6528e-005; 0.000555307; -0.00422796; 0.00132375; -0.00107528; -0.00316158; 
0.000254456; 0.000832501; -0.00412161; 0.00117719; -0.00141341; -0.00276512; 
0.000469407; 0.00108275; -0.00396944; 0.00104275; -0.00171935; -0.00238813; 
0.000677993; 0.00130318; -0.00377586; 0.00092056; -0.00199163; -0.00203072; 
0.000877137; 0.00149156; -0.00354548; 0.000810606; -0.00222925; -0.0016929; 
0.00106409; 0.00164633; -0.00328305; 0.000712751; -0.00243168; -0.00137462; 
0.00123646; 0.00176656; -0.00299338; 0.000626737; -0.00259878; -0.00107572; 
0.00139219; 0.00185194; -0.0026813; 0.0005522; -0.00273085; -0.000796002; 
0.0015296; 0.00190278; -0.00235161; 0.00048868; -0.00282854; -0.000535198; 
0.00164736; 0.00191994; -0.00200903; 0.000435634; -0.00289283; -0.000292975; 
0.0017445; 0.00190479; -0.00165815; 0.00039245; -0.00292501; -6.89524e-005; 
0.00182041; 0.00185917; -0.00130339; 0.000358455; -0.00292662; 0.0001373; 
0.00187479; 0.00178535; -0.000948995; 0.000332931; -0.00289944; 0.000326254; 
0.00190767; 0.00168594; -0.000598972; 0.000315128; -0.00284546; 0.00049842; 
0.00191937; 0.00156388; -0.000257072; 0.000304268; -0.00276682; 0.000654274; 
0.00191051; 0.00142234; 7.32355e-005; 0.000299567; -0.00266575; 0.000794243; 
0.00188193; 0.00126468; 0.000388781; 0.000300233; -0.00254458; 0.000918715; 
0.00183471; 0.00109435; 0.000686715; 0.000305488; -0.00240565; 0.00102805; 
0.0017702; 0.00091481; 0.000964509; 0.000314566; -0.00225133; 0.00112262; 
0.00168995; 0.000729542; 0.00121993; 0.00032673; -0.002084; 0.00120275; 
0.00159576; 0.000541926; 0.00145106; 0.000341297; -0.00190598; 0.00126883; 
0.00148958; 0.000355217; 0.00165629; 0.000357635; -0.00171957; 0.0013212; 
0.00137347; 0.000172495; 0.00183437; 0.000375166; -0.001527; 0.00136028; 
0.00124955; -3.38008e-006; 0.00198435; 0.00039336; -0.00133042; 0.00138647; 
0.00111998; -0.000169804; 0.00210565; 0.000411741; -0.0011319; 0.00140021; 
0.000986917; -0.000324458; 0.00219799; 0.000429876; -0.000933375; 0.00140197; 
0.000852449; -0.000465333; 0.00226144; 0.000447384; -0.000736703; 0.00139225; 
0.000718594; -0.000590758; 0.00229635; 0.000463927; -0.000543597; 0.00137157; 
0.000587255; -0.000699411; 0.00230338; 0.000479211; -0.000355644; 0.0013405; 
0.0004602; -0.00079032; 0.00228347; 0.000492985; -0.000174292; 0.00129963; 
0.000339032; -0.000862865; 0.0022378; 0.000505038; -8.48431e-007; 0.00124958; 
0.000225178; -0.000916769; 0.0021678; 0.000515198; 0.000163526; 0.001191; 
0.000119872; -0.000952082; 0.00207518; 0.000523328; 0.00031782; 0.00112458; 
2.41414e-005; -0.000969167; 0.00196189; 0.000529328; 0.000461167; 0.00105102; 
-6.11942e-005; -0.000968678; 0.00183011; 0.000533126; 0.000592825; 0.000971034; 
-0.000135529; -0.000951528; 0.00168219; 0.000534685; 0.000712175; 0.000885373; 
-0.00019847; -0.000918867; 0.00152061; 0.000533991; 0.000818725; 0.000794785; 
-0.000249821; -0.000872048; 0.00134793; 0.00053106; 0.00091211; 0.000700028; 
-0.000289579; -0.000812599; 0.00116677; 0.000525928; 0.000992092; 0.000601868; 
-0.000317922; -0.000742182; 0.000979762; 0.000518659; 0.00105856; 0.000501068; 
-0.0003352; -0.000662563; 0.000789499; 0.000509343; 0.00111151; 0.000398392; 
-0.000341918; -0.00057557; 0.000598535; 0.000498098; 0.00115109; 0.000294592; 
-0.000338723; -0.000483061; 0.000409328; 0.000485065; 0.00117751; 0.000190411; 
-0.000326387; -0.000386893; 0.000224221; 0.0004704; 0.00119113; 8.65778e-005; 
-0.000305787; -0.000288888; 4.54137e-005; 0.000454276; 0.00119239; -1.62007e-005; 
-0.000277871; -0.000190809; -0.000125062; 0.000436876; 0.00118182; -0.000117239; 
-0.00024362; -9.43268e-005; -0.00028536; 0.000418391; 0.00116003; -0.000215877; 
-0.000204034; -1.00414e-006; -0.00043384; 0.000399016; 0.00112771; -0.000311494; 
-0.00016012; 8.77303e-005; -0.000569112; 0.000378947; 0.00108564; -0.000403551; 
-0.00011288; 0.000170597; -0.000690048; 0.000358378; 0.00103468; -0.000491585; 
-6.32989e-005; 0.000246479; -0.000795788; 0.000337499; 0.000975717; -0.000575205; 
-1.23356e-005; 0.000314436; -0.00088573; 0.000316495; 0.000909725; -0.000654088; 
3.90885e-005; 0.00037371; -0.000959524; 0.000295541; 0.000837692; -0.000727972; 
9.00985e-005; 0.000423729; -0.00101706; 0.000274802; 0.000760631; -0.000796656; 
0.000139874; 0.000464109; -0.00105846; 0.000254431; 0.000679566; -0.00085999; 
0.000187663; 0.000494646; -0.00108406; 0.00023457; 0.000595514; -0.000917876; 
0.000232789; 0.000515316; -0.00109439; 0.000215345; 0.000509484; -0.000970261; 
0.000274656; 0.000526262; -0.00109015; 0.000196867; 0.000422457; -0.00101713; 
0.000312749; 0.000527785; -0.0010722; 0.000179236; 0.000335383; -0.00105851; 
0.00034664; 0.000520332; -0.00104154; 0.000162532; 0.00024917; -0.00109447; 
0.000375985; 0.000504477; -0.000999267; 0.000146823; 0.000164677; -0.00112509; 
0.000400524; 0.000480909; -0.000946555; 0.00013216; 8.27043e-005; -0.00115049; 
0.000420081; 0.000450414; -0.000884611; 0.000118583; 3.99264e-006; -0.00117081; 
0.00043456; 0.00041386; -0.000814679; 0.000106113; -7.07867e-005; -0.00118621; 
0.000443944; 0.000372172; -0.000738018; 9.47609e-005; -0.000141034; -0.00119688; 
0.000448288; 0.000326319; -0.000655889; 8.45247e-005; -0.000206223; -0.00120301; 
0.000447713; 0.000277289; -0.000569544; 7.53902e-005; -0.000265922; -0.00120482; 
0.000442405; 0.000226078; -0.000480209; 6.73327e-005; -0.000319785; -0.00120251; 
0.000432607; 0.000173667; -0.000389079; 6.0318e-005; -0.000367558; -0.00119632; 
0.000418614; 0.000121008; -0.000297302; 5.43031e-005; -0.00040907; -0.00118648; 
0.000400783; 6.90093e-005; -0.000205971; 4.9238e-005; -0.000444231; -0.00117324; 
0.000379525; 1.85241e-005; -0.000116115; 4.50663e-005; -0.000473029; -0.00115683; 
0.000355291; -2.96646e-005; -2.86945e-005; 4.17263e-005; -0.000495522; -0.00113749; 
0.000328562; -7.48515e-005; 5.54096e-005; 3.91526e-005; -0.000511836; -0.00111547; 
0.000299842; -0.000116418; 0.000135398; 3.72767e-005; -0.000522157; -0.00109101; 
0.000269642; -0.000153838; 0.00021056; 3.60281e-005; -0.000526725; -0.00106434; 
0.000238475; -0.000186683; 0.000280261; 3.53356e-005; -0.000525828; -0.00103569; 
0.000206844; -0.000214627; 0.000343948; 3.51277e-005; -0.000519797; -0.0010053; 
0.000175236; -0.000237442; 0.000401146; 3.5334e-005; -0.000508998; -0.000973376; 
0.000144113; -0.000254999; 0.000451467; 3.58857e-005; -0.000493826; -0.000940139; 
0.000113905; -0.000267267; 0.000494611; 3.67161e-005; -0.00047469; -0.000905796; 
8.50033e-005; -0.000274307; 0.000530363; 3.77626e-005; -0.00045201; -0.000870543; 
5.77599e-005; -0.000276265; 0.000558596; 3.89677e-005; -0.000426213; -0.000834573; 
3.24794e-005; -0.000273368; 0.000579271; 4.02786e-005; -0.000397729; -0.000798066; 
9.41787e-006; -0.000265912; 0.000592432; 4.16474e-005; -0.000366985; -0.000761194; 
-1.12187e-005; -0.000254259; 0.000598203; 4.30308e-005; -0.000334404; -0.000724121; 
-2.92756e-005; -0.000238821; 0.000596784; 4.43903e-005; -0.0003004; -0.000687001; 
-4.46488e-005; -0.000220057; 0.000588449; 4.56915e-005; -0.000265375; -0.000649978; 
-5.72827e-005; -0.000198456; 0.000573539; 4.69043e-005; -0.000229717; -0.000613186; 
-6.71674e-005; -0.000174534; 0.000552459; 4.80028e-005; -0.000193796; -0.000576749; 
-7.4337e-005; -0.000148816; 0.000525686; 4.89649e-005; -0.000157964; -0.000540785; 
-7.88666e-005; -0.000121833; 0.00049376; 4.97722e-005; -0.00012255; -0.000505398; 
-8.08696e-005; -9.4112e-005; 0.000457273; 5.04099e-005; -8.78598e-005; -0.000470685; 
-8.04937e-005; -6.61627e-005; 0.000416858; 5.08665e-005; -5.41768e-005; -0.000436733; 
-7.7917e-005; -3.84745e-005; 0.000373178; 5.11335e-005; -2.17572e-005; -0.000403623; 
-7.33433e-005; -1.15072e-005; 0.000326914; 5.12056e-005; 9.16873e-006; -0.000371423; 
-6.69964e-005; 1.43149e-005; 0.000278758; 5.108e-005; 3.83979e-005; -0.000340195; 
-5.91079e-005; 3.86086e-005; 0.000229402; 5.07563e-005; 6.57541e-005; -0.000309993; 
-4.99144e-005; 6.1036e-005; 0.000179525; 5.02367e-005; 9.10869e-005; -0.000280864; 
-3.96548e-005; 8.13082e-005; 0.00012979; 4.9526e-005; 0.000114268; -0.000252845; 
-2.85672e-005; 9.91875e-005; 8.08295e-005; 4.86316e-005; 0.000135191; -0.000225968; 
-1.68864e-005; 0.000114489; 3.32445e-005; 4.75636e-005; 0.000153773; -0.000200257; 
-4.84125e-006; 0.000127082; -1.24079e-005; 4.63338e-005; 0.000169954; -0.000175731; 
7.34796e-006; 0.000136887; -5.56174e-005; 4.49561e-005; 0.000183696; -0.000152402; 
1.94716e-005; 0.000143877; -9.59266e-005; 4.34457e-005; 0.000194986; -0.000130276; 
3.13326e-005; 0.000148074; -0.000132937; 4.18188e-005; 0.00020383; -0.000109354; 
4.27499e-005; 0.000149546; -0.000166321; 4.00923e-005; 0.000210256; -8.96332e-005; 
5.35597e-005; 0.000148406; -0.000195818; 3.82838e-005; 0.000214313; -7.11039e-005; 
6.36173e-005; 0.000144804; -0.000221238; 3.64108e-005; 0.000216067; -5.37537e-005; 
7.27975e-005; 0.000138924; -0.000242458; 3.44911e-005; 0.000215605; -3.75661e-005; 
8.09951e-005; 0.000130982; -0.000259419; 3.25417e-005; 0.000213027; -2.25206e-005; 
8.8125e-005; 0.000121215; -0.000272127; 3.05795e-005; 0.00020845; -8.59374e-006; 
9.41224e-005; 0.000109884; -0.000280642; 2.86204e-005; 0.000202003; 4.24089e-006; 
9.89422e-005; 9.72592e-005; -0.00028508; 2.66797e-005; 0.000193833; 1.60124e-005; 
0.000102559; 8.36225e-005; -0.000285607; 2.47712e-005; 0.000184098; 2.6752e-005; 
0.000104965; 6.92577e-005; -0.000282432; 2.29082e-005; 0.000172965; 3.64912e-005; 
0.000106171; 5.44471e-005; -0.000275802; 2.11022e-005; 0.000160611; 4.52576e-005; 
0.000106204; 3.94662e-005; -0.000265997; 1.93637e-005; 0.000147217; 5.30761e-005; 
0.000105106; 2.45797e-005; -0.000253317; 1.77017e-005; 0.00013297; 5.99699e-005; 
0.000102932; 1.00375e-005; -0.000238076; 1.61241e-005; 0.000118055; 6.59612e-005; 
9.97506e-005; -3.92909e-006; -0.000220597; 1.46371e-005; 0.000102656; 7.10716e-005; 
9.56444e-005; -1.71103e-005; -0.000201209; 1.32456e-005; 8.69573e-005; 7.5323e-005; 
9.07094e-005; -2.93204e-005; -0.000180246; 1.19534e-005; 7.11349e-005; 7.87379e-005; 
8.50515e-005; -4.03994e-005; -0.000158037; 1.07629e-005; 5.53599e-005; 8.13398e-005; 
7.87843e-005; -5.02151e-005; -0.000134908; 9.67501e-006; 3.97948e-005; 8.31533e-005; 
7.20269e-005; -5.86635e-005; -0.000111179; 8.68988e-006; 2.45929e-005; 8.42047e-005; 
6.49007e-005; -6.56696e-005; -8.71553e-005; 7.80639e-006; 9.89633e-006; 8.4522e-005; 
5.75278e-005; -7.11866e-005; -6.31323e-005; 7.02245e-006; -4.16422e-006; 8.41348e-005; 
5.00284e-005; -7.51958e-005; -3.93878e-005; 6.3351e-006; -1.74709e-005; 8.30747e-005; 
4.25191e-005; -7.77054e-005; -1.61822e-005; 5.74056e-006; -2.99192e-005; 8.13753e-005; 
3.51105e-005; -7.87486e-005; 6.244e-006; 5.23439e-006; -4.14194e-005; 7.90719e-005; 
2.79061e-005; -7.83825e-005; 2.76718e-005; 4.81153e-006; -5.18981e-005; 7.62018e-005; 
2.10007e-005; -7.6685e-005; 4.79048e-005; 4.46647e-006; -6.12984e-005; 7.28041e-005; 
1.44789e-005; -7.37531e-005; 6.67687e-005; 4.19329e-006; -6.95793e-005; 6.89195e-005; 
8.41491e-006; -6.97001e-005; 8.41092e-005; 3.98577e-006; -7.67147e-005; 6.45901e-005; 
2.8711e-006; -6.46524e-005; 9.97929e-005; 3.83754e-006; -8.26933e-005; 5.98593e-005; 
-2.10198e-006; -5.87473e-005; 0.000113708; 3.74209e-006; -8.75173e-005; 5.47717e-005; 
-6.46597e-006; -5.21293e-005; 0.000125767; 3.69291e-006; -9.12017e-005; 4.93727e-005; 
-1.01947e-005; -4.49481e-005; 0.000135904; 3.68355e-006; -9.37732e-005; 4.37081e-005; 
-1.32735e-005; -3.7355e-005; 0.000144075; 3.70768e-006; -9.52691e-005; 3.78243e-005; 
-1.56988e-005; -2.95011e-005; 0.000150261; 3.7592e-006; -9.57364e-005; 3.17678e-005; 
-1.74774e-005; -2.15338e-005; 0.000154466; 3.83223e-006; -9.52304e-005; 2.55848e-005; 
-1.86261e-005; -1.35953e-005; 0.000156712; 3.92133e-006; -9.38137e-005; 1.93215e-005; 
-1.91707e-005; -5.8198e-006; 0.000157046; 4.02152e-006; -9.15551e-005; 1.30229e-005; 
-1.91454e-005; 1.66785e-006; 0.000155531; 4.12828e-006; -8.85274e-005; 6.73366e-006; 
-1.85917e-005; 8.75416e-006; 0.000152251; 4.23753e-006; -8.4806e-005; 4.96976e-007; 
-1.75576e-005; 1.53382e-005; 0.000147305; 4.34561e-006; -8.04678e-005; -5.64517e-006; 
-1.60958e-005; 2.13328e-005; 0.000140813; 4.44929e-006; -7.55907e-005; -1.16524e-005; 
-1.42612e-005; 2.66652e-005; 0.00013291; 4.54572e-006; -7.02529e-005; -1.74862e-005; 
-1.211e-005; 3.12775e-005; 0.000123747; 4.63244e-006; -6.4532e-005; -2.31126e-005; 
-9.69892e-006; 3.51272e-005; 0.000113487; 4.70736e-006; -5.85043e-005; -2.85026e-005; 
-7.08461e-006; 3.81869e-005; 0.000102302; 4.76874e-006; -5.22445e-005; -3.36314e-005; 
-4.32299e-006; 4.0444e-005; 9.03695e-005; 4.81516e-006; -4.5825e-005; -3.84784e-005; 
-1.46864e-006; 4.19002e-005; 7.78712e-005; 4.84553e-006; -3.93153e-005; -4.3027e-005; 
1.4258e-006; 4.25709e-005; 6.49897e-005; 4.85902e-006; -3.27816e-005; -4.72639e-005; 
4.31018e-006; 4.24841e-005; 5.19056e-005; 4.85511e-006; -2.62864e-005; -5.11793e-005; 
7.13734e-006; 4.16792e-005; 3.87953e-005; 4.83352e-006; -1.98883e-005; -5.47665e-005; 
9.86373e-006; 4.02061e-005; 2.58291e-005; 4.79419e-006; -1.36414e-005; -5.80215e-005; 
1.245e-005; 3.81233e-005; 1.31684e-005; 4.73731e-006; -7.59561e-006; -6.0943e-005; 
1.48611e-005; 3.54971e-005; 9.6433e-007; 4.66334e-006; -1.79572e-006; -6.35319e-005; 
1.70669e-005; 3.23996e-005; -1.06439e-005; 4.573e-006; 3.71813e-006; -6.57913e-005; 
1.90417e-005; 2.89076e-005; -2.15306e-005; 4.46721e-006; 8.91079e-006; -6.77261e-005; 
2.07649e-005; 2.51006e-005; -3.15849e-005; 4.34709e-006; 1.37521e-005; -6.93432e-005; 
2.22204e-005; 2.10597e-005; -4.07135e-005; 4.21391e-006; 1.8216e-005; -7.06506e-005; 
2.3397e-005; 1.68657e-005; -4.88416e-005; 4.06905e-006; 2.22808e-005; -7.1658e-005; 
2.42881e-005; 1.25981e-005; -5.59126e-005; 3.914e-006; 2.59286e-005; -7.23759e-005; 
2.48915e-005; 8.33372e-006; -6.18877e-005; 3.75032e-006; 2.9146e-005; -7.2816e-005; 
2.52092e-005; 4.14537e-006; -6.67456e-005; 3.57959e-006; 3.19234e-005; -7.29909e-005; 
2.52471e-005; 1.00918e-007; -7.04816e-005; 3.40342e-006; 3.42556e-005; -7.29136e-005; 
2.50149e-005; -3.73766e-006; -7.31066e-005; 3.22339e-006; 3.61415e-005; -7.25979e-005; 
2.45255e-005; -7.31504e-006; -7.46462e-005; 3.04108e-006; 3.75837e-005; -7.20579e-005; 
2.37946e-005; -1.05832e-005; -7.51395e-005; 2.85799e-006; 3.85887e-005; -7.1308e-005; 
2.28417e-005; -1.35017e-005; -7.46376e-005; 2.67556e-006; 3.91667e-005; -7.03627e-005; 
2.16892e-005; -1.60384e-005; -7.32022e-005; 2.49516e-006; 3.93312e-005; -6.92368e-005; 
2.0362e-005; -1.81691e-005; -7.09044e-005; 2.31805e-006; 3.90987e-005; -6.79447e-005; 
1.88871e-005; -1.98781e-005; -6.78216e-005; 2.14539e-006; 3.84888e-005; -6.65011e-005; 
1.72925e-005; -2.11573e-005; -6.40354e-005; 1.97823e-006; 3.75236e-005; -6.49202e-005; 
1.56072e-005; -2.20068e-005; -5.963e-005; 1.81749e-006; 3.6228e-005; -6.32162e-005; 
1.386e-005; -2.24339e-005; -5.4692e-005; 1.66399e-006; 3.46292e-005; -6.14027e-005; 
1.20798e-005; -2.24528e-005; -4.93086e-005; 1.51839e-006; 3.27568e-005; -5.94934e-005; 
1.02943e-005; -2.20839e-005; -4.35672e-005; 1.38126e-006; 3.06421e-005; -5.75011e-005; 
8.52996e-006; -2.13533e-005; -3.75541e-005; 1.25302e-006; 2.83175e-005; -5.54385e-005; 
6.81164e-006; -2.0292e-005; -3.13542e-005; 1.13399e-006; 2.58165e-005; -5.33178e-005; 
5.16206e-006; -1.8935e-005; -2.50494e-005; 1.02435e-006; 2.31728e-005; -5.11506e-005; 
3.60167e-006; -1.73207e-005; -1.87186e-005; 9.24198e-007; 2.04203e-005; -4.8948e-005; 
2.14834e-006; -1.54897e-005; -1.24365e-005; 8.33504e-007; 1.75927e-005; -4.67205e-005; 
8.17212e-007; -1.34844e-005; -6.27343e-006; 7.52151e-007; 1.47227e-005; -4.44783e-005; 
-3.79391e-007; -1.13481e-005; -2.94579e-007; 6.79933e-007; 1.18423e-005; -4.22307e-005; 
-1.43205e-006; -9.12396e-006; 5.44039e-006; 6.16564e-007; 8.98198e-006; -3.99866e-005; 
-2.33423e-006; -6.85447e-006; 1.08777e-005; 5.61687e-007; 6.17077e-006; -3.77543e-005; 
-3.08219e-006; -4.5808e-006; 1.59696e-005; 5.14883e-007; 3.43583e-006; -3.55415e-005; 
-3.6748e-006; -2.34207e-006; 2.06737e-005; 4.75681e-007; 8.02279e-007; -3.33554e-005; 
-4.11342e-006; -1.7483e-007; 2.49528e-005; 4.43567e-007; -1.70698e-006; -3.12025e-005; 
-4.4018e-006; 1.88746e-006; 2.87757e-005; 4.17994e-007; -4.07139e-006; -2.90889e-005; 
-4.54587e-006; 3.81482e-006; 3.21169e-005; 3.98389e-007; -6.27289e-006; -2.702e-005; 
-4.55357e-006; 5.5811e-006; 3.49571e-005; 3.84165e-007; -8.2963e-006; -2.50007e-005; 
-4.43459e-006; 7.16422e-006; 3.72829e-005; 3.74726e-007; -1.01294e-005; -2.30353e-005; 
-4.20016e-006; 8.54632e-006; 3.9087e-005; 3.69475e-007; -1.1763e-005; -2.11279e-005; 
-3.86276e-006; 9.71391e-006; 4.03681e-005; 3.67821e-007; -1.31906e-005; -1.92817e-005; 
-3.43539e-006; 1.06578e-005; 4.11308e-005; 3.6919e-007; -1.44086e-005; -1.74997e-005; 
-2.93137e-006; 1.13731e-005; 4.13851e-005; 3.73023e-007; -1.54159e-005; -1.57843e-005; 
-2.36419e-006; 1.18591e-005; 4.11462e-005; 3.78787e-007; -1.62137e-005; -1.41376e-005; 
-1.74731e-006; 1.2119e-005; 4.04345e-005; 3.85983e-007; -1.68056e-005; -1.25611e-005; 
-1.09407e-006; 1.21597e-005; 3.92747e-005; 3.94158e-007; -1.71973e-005; -1.10561e-005; 
-4.17465e-007; 1.19916e-005; 3.76965e-005; 4.02899e-007; -1.73963e-005; -9.62332e-006; 
2.69934e-007; 1.16278e-005; 3.57343e-005; 4.11835e-007; -1.74117e-005; -8.26334e-006; 
9.5614e-007; 1.10846e-005; 3.34266e-005; 4.20634e-007; -1.72541e-005; -6.97628e-006; 
1.62986e-006; 1.03801e-005; 3.08152e-005; 4.29004e-007; -1.69354e-005; -5.762e-006; 
2.28066e-006; 9.53454e-006; 2.79448e-005; 4.36687e-007; -1.64686e-005; -4.62004e-006; 
2.89905e-006; 8.56944e-006; 2.48618e-005; 4.43465e-007; -1.58669e-005; -3.5497e-006; 
3.47664e-006; 7.50734e-006; 2.16137e-005; 4.49148e-007; -1.51443e-005; -2.55004e-006; 
4.0061e-006; 6.37129e-006; 1.82487e-005; 4.53584e-007; -1.4315e-005; -1.61989e-006; 
4.48125e-006; 5.18447e-006; 1.48147e-005; 4.56646e-007; -1.3393e-005; -7.57864e-007; 
4.89703e-006; 3.96975e-006; 1.13584e-005; 4.5824e-007; -1.23926e-005; 3.75789e-008; 
5.24953e-006; 2.74933e-006; 7.92551e-006; 4.58296e-007; -1.13278e-005; 7.68161e-007; 
5.53596e-006; 1.5444e-006; 4.55927e-006; 4.56769e-007; -1.02126e-005; 1.43574e-006; 
5.75466e-006; 3.74801e-007; 1.30053e-006; 4.53638e-007; -9.06017e-006; 2.0423e-006; 
5.90497e-006; -7.4121e-007; -1.81297e-006; 4.48904e-007; -7.88367e-006; 2.58956e-006; 
5.98729e-006; -1.78723e-006; -4.74691e-006; 4.42594e-007; -6.69547e-006; 3.07906e-006; 
6.00294e-006; -2.74888e-006; -7.47072e-006; 4.34758e-007; -5.5074e-006; 3.51225e-006; 
5.95411e-006; -3.61395e-006; -9.95827e-006; 4.25471e-007; -4.33056e-006; 3.89046e-006; 
5.84378e-006; -4.37252e-006; -1.21882e-005; 4.14823e-007; -3.17532e-006; 4.21502e-006; 
5.67567e-006; -5.01699e-006; -1.41441e-005; 4.02922e-007; -2.05123e-006; 4.48724e-006; 
5.45429e-006; -5.54211e-006; -1.58142e-005; 3.8989e-007; -9.67003e-007; 4.70845e-006; 
5.1849e-006; -5.94494e-006; -1.71912e-005; 3.75856e-007; 6.95068e-008; 4.88007e-006; 
4.87339e-006; -6.2248e-006; -1.82726e-005; 3.60959e-007; 1.05135e-006; 5.00355e-006; 
4.52609e-006; -6.38315e-006; -1.906e-005; 3.45343e-007; 1.97248e-006; 5.08046e-006; 
4.14967e-006; -6.42345e-006; -1.95587e-005; 3.29154e-007; 2.82773e-006; 5.11245e-006; 
3.75097e-006; -6.35102e-006; -1.9778e-005; 3.12538e-007; 3.61266e-006; 5.10129e-006; 
3.3369e-006; -6.17286e-006; -1.97303e-005; 2.95639e-007; 4.32359e-006; 5.04885e-006; 
2.91428e-006; -5.89741e-006; -1.9431e-005; 2.78599e-007; 4.95756e-006; 4.95713e-006; 
2.48975e-006; -5.53434e-006; -1.88981e-005; 2.61554e-007; 5.51241e-006; 4.82823e-006; 
2.06965e-006; -5.09434e-006; -1.81515e-005; 2.44632e-007; 5.98671e-006; 4.66438e-006; 
1.65989e-006; -4.58887e-006; -1.72125e-005; 2.27954e-007; 6.3798e-006; 4.4679e-006; 
1.26596e-006; -4.0299e-006; -1.6103e-005; 2.11633e-007; 6.69172e-006; 4.24123e-006; 
8.92765e-007; -3.42973e-006; -1.48457e-005; 1.9577e-007; 6.92325e-006; 3.9869e-006; 
5.44614e-007; -2.80072e-006; -1.34635e-005; 1.80456e-007; 7.07582e-006; 3.7075e-006; 
2.25175e-007; -2.15511e-006; -1.19794e-005; 1.65771e-007; 7.15153e-006; 3.40572e-006; 
-6.25543e-008; -1.5048e-006; -1.04163e-005; 1.51785e-007; 7.15305e-006; 3.08428e-006; 
-3.16266e-007; -8.61142e-007; -8.79679e-006; 1.38554e-007; 7.08361e-006; 2.74597e-006; 
-5.34339e-007; -2.34826e-007; -7.14261e-006; 1.26125e-007; 6.94696e-006; 2.39356e-006; 
-7.15822e-007; 3.64309e-007; -5.47487e-006; 1.14531e-007; 6.7473e-006; 2.02988e-006; 
-8.60381e-007; 9.27384e-007; -3.81366e-006; 1.03797e-007; 6.48933e-006; 1.65773e-006; 
-9.68286e-007; 1.44659e-006; -2.17788e-006; 9.39364e-008; 6.17821e-006; 1.27991e-006; 
-1.04037e-006; 1.91526e-006; -5.85172e-007; 8.49518e-008; 5.81944e-006; 8.99156e-007; 
-1.07799e-006; 2.32792e-006; 9.48262e-007; 7.68377e-008; 5.41881e-006; 5.18186e-007; 
-1.08299e-006; 2.68034e-006; 2.40773e-006; 6.95794e-008; 4.9823e-006; 1.39639e-007; 
-1.05764e-006; 2.96952e-006; 3.78013e-006; 6.31548e-008; 4.51605e-006; -2.33921e-007; 
-1.00457e-006; 3.19371e-006; 5.05383e-006; 5.75346e-008; 4.02622e-006; -6.00022e-007; 
-9.26711e-007; 3.35232e-006; 6.21859e-006; 5.26834e-008; 3.51896e-006; -9.56298e-007; 
-8.27155e-007; 3.44595e-006; 7.26565e-006; 4.85605e-008; 3.00035e-006; -1.30061e-006; 
-7.09059e-007; 3.47627e-006; 8.18781e-006; 4.51208e-008; 2.47632e-006; -1.63112e-006; 
-5.75625e-007; 3.44591e-006; 8.97943e-006; 4.23157e-008; 1.95257e-006; -1.94624e-006; 
-4.3006e-007; 3.35846e-006; 9.6365e-006; 4.00937e-008; 1.43458e-006; -2.24466e-006; 
-2.75533e-007; 3.21827e-006; 1.01566e-005; 3.84015e-008; 9.27497e-007; -2.5253e-006; 
-1.15148e-007; 3.03038e-006; 1.05388e-005; 3.71846e-008; 4.36128e-007; -2.7873e-006; 
4.80965e-008; 2.80039e-006; 1.07839e-005; 3.63881e-008; -3.51048e-008; -3.03001e-006; 
2.11337e-007; 2.53435e-006; 1.0894e-005; 3.59572e-008; -4.82193e-007; -3.25297e-006; 
3.71871e-007; 2.23864e-006; 1.08727e-005; 3.58382e-008; -9.01568e-007; -3.45588e-006; 
5.27194e-007; 1.91981e-006; 1.07249e-005; 3.59786e-008; -1.29013e-006; -3.63861e-006; 
6.7503e-007; 1.58447e-006; 1.04569e-005; 3.63282e-008; -1.64532e-006; -3.8012e-006; 
8.13355e-007; 1.2392e-006; 1.00759e-005; 3.68388e-008; -1.96514e-006; -3.94378e-006; 
9.40404e-007; 8.90409e-007; 9.59069e-006; 3.74659e-008; -2.2481e-006; -4.06662e-006; 
1.05468e-006; 5.44252e-007; 9.01101e-006; 3.81689e-008; -2.49323e-006; -4.17011e-006; 
1.15495e-006; 2.06522e-007; 8.34766e-006; 3.89113e-008; -2.70004e-006; -4.2547e-006; 
1.24026e-006; -1.17424e-007; 7.61217e-006; 3.96601e-008; -2.86852e-006; -4.32095e-006; 
1.30992e-006; -4.22732e-007; 6.81664e-006; 4.03862e-008; -2.99906e-006; -4.3695e-006; 
1.36351e-006; -7.05114e-007; 5.97355e-006; 4.10639e-008; -3.09247e-006; -4.40102e-006; 
1.40085e-006; -9.60893e-007; 5.09554e-006; 4.16709e-008; -3.14991e-006; -4.41626e-006; 
1.422e-006; -1.18703e-006; 4.19526e-006; 4.21881e-008; -3.17286e-006; -4.41601e-006; 
1.42727e-006; -1.38116e-006; 3.28518e-006; 4.25996e-008; -3.16311e-006; -4.40107e-006; 
1.41716e-006; -1.54158e-006; 2.37742e-006; 4.28923e-008; -3.12267e-006; -4.37231e-006; 
1.39235e-006; -1.66725e-006; 1.48361e-006; 4.30558e-008; -3.0538e-006; -4.33059e-006; 
1.3537e-006; -1.75778e-006; 6.14738e-007; 4.30824e-008; -2.95887e-006; -4.27679e-006; 
1.30229e-006; -1.81341e-006; -2.1898e-007; 4.29667e-008; -2.84038e-006; -4.21179e-006; 
1.23933e-006; -1.83496e-006; -1.0082e-006; 4.27056e-008; -2.70086e-006; -4.13648e-006; 
1.16621e-006; -1.8238e-006; -1.74453e-006; 4.2298e-008; -2.5429e-006; -4.05174e-006; 
1.08444e-006; -1.78178e-006; -2.42068e-006; 4.17455e-008; -2.36909e-006; -3.95844e-006; 
9.9558e-007; -1.71119e-006; -3.03063e-006; 4.10517e-008; -2.18201e-006; -3.85743e-006; 
9.01267e-007; -1.61471e-006; -3.56961e-006; 4.02226e-008; -1.98419e-006; -3.74956e-006; 
8.03137e-007; -1.49531e-006; -4.03414e-006; 3.92658e-008; -1.77814e-006; -3.63564e-006; 
7.02817e-007; -1.3562e-006; -4.42193e-006; 3.81905e-008; -1.56626e-006; -3.51648e-006; 
6.01887e-007; -1.20076e-006; -4.73193e-006; 3.70075e-008; -1.35089e-006; -3.39284e-006; 
5.01863e-007; -1.03248e-006; -4.96417e-006; 3.57283e-008; -1.13424e-006; -3.26546e-006; 
4.04165e-007; -8.54904e-007; -5.11979e-006; 3.43653e-008; -9.18433e-007; -3.13507e-006; 
3.10104e-007; -6.71537e-007; -5.2009e-006; 3.29315e-008; -7.05423e-007; -3.00233e-006; 
2.20861e-007; -4.85814e-007; -5.21051e-006; 3.14403e-008; -4.97046e-007; -2.86791e-006; 
1.37475e-007; -3.01033e-007; -5.15244e-006; 2.99051e-008; -2.94984e-007; -2.73242e-006; 
6.08353e-008; -1.2031e-007; -5.03122e-006; 2.83393e-008; -1.00763e-007; -2.59643e-006; 
-8.33171e-009; 5.34686e-008; -4.85198e-006; 2.67559e-008; 8.42521e-008; -2.4605e-006; 
-6.94605e-008; 2.17679e-007; -4.6202e-006; 2.51677e-008; 2.58859e-007; -2.32514e-006; 
-1.2215e-007; 3.69997e-007; -4.34161e-006; 2.35867e-008; 4.2202e-007; -2.19082e-006; 
-1.66158e-007; 5.08415e-007; -4.02214e-006; 2.20243e-008; 5.72847e-007; -2.058e-006; 
-2.01392e-007; 6.31268e-007; -3.66782e-006; 2.04913e-008; 7.10584e-007; -1.92707e-006; 
-2.27902e-007; 7.37238e-007; -3.2847e-006; 1.89972e-008; 8.34612e-007; -1.79841e-006; 
-2.45872e-007; 8.25363e-007; -2.87884e-006; 1.7551e-008; 9.44451e-007; -1.67236e-006; 
-2.55614e-007; 8.95034e-007; -2.45621e-006; 1.61603e-008; 1.03976e-006; -1.54923e-006; 
-2.57555e-007; 9.45988e-007; -2.02263e-006; 1.48319e-008; 1.12033e-006; -1.42929e-006; 
-2.52224e-007; 9.78293e-007; -1.58372e-006; 1.35716e-008; 1.1861e-006; -1.31278e-006; 
-2.40238e-007; 9.92334e-007; -1.14487e-006; 1.23838e-008; 1.23712e-006; -1.19993e-006; 
-2.2229e-007; 9.88788e-007; -7.11147e-007; 1.12723e-008; 1.27359e-006; -1.09091e-006; 
-1.9911e-007; 9.68598e-007; -2.87326e-007; 1.02396e-008; 1.29581e-006; -9.8588e-007; 
-1.71447e-007; 9.32944e-007; 1.22202e-007; 9.28728e-009; 1.30421e-006; -8.84971e-007; 
-1.40063e-007; 8.83209e-007; 5.13437e-007; 8.41602e-009; 1.29932e-006; -7.88286e-007; 
-1.05718e-007; 8.20951e-007; 8.82789e-007; 7.6256e-009; 1.28177e-006; -6.95907e-007; 
-6.91695e-008; 7.47865e-007; 1.22708e-006; 6.915e-009; 1.25226e-006; -6.07889e-007; 
-3.11556e-008; 6.65744e-007; 1.54348e-006; 6.28244e-009; 1.2116e-006; -5.24268e-007; 
7.6078e-009; 5.7645e-007; 1.82957e-006; 5.72548e-009; 1.16069e-006; -4.4506e-007; 
4.64364e-008; 4.81871e-007; 2.08331e-006; 5.24105e-009; 1.10049e-006; -3.7026e-007; 
8.46838e-008; 3.83893e-007; 2.30308e-006; 4.82561e-009; 1.03202e-006; -2.99847e-007; 
1.21749e-007; 2.84365e-007; 2.48769e-006; 4.47515e-009; 9.56349e-007; -2.33783e-007; 
1.57086e-007; 1.85069e-007; 2.63636e-006; 4.1853e-009; 8.74584e-007; -1.72015e-007; 
1.90208e-007; 8.76944e-008; 2.74873e-006; 3.95142e-009; 7.87844e-007; -1.14475e-007; 
2.20688e-007; -6.18912e-009; 2.82486e-006; 3.76865e-009; 6.97252e-007; -6.10851e-008; 
2.48163e-007; -9.51493e-008; 2.86519e-006; 3.632e-009; 6.03926e-007; -1.1753e-008; 
2.72337e-007; -1.77911e-007; 2.87056e-006; 3.53641e-009; 5.0896e-007; 3.36219e-008; 
2.92974e-007; -2.5337e-007; 2.84215e-006; 3.47684e-009; 4.13421e-007; 7.51499e-008; 
3.09905e-007; -3.20603e-007; 2.78149e-006; 3.44826e-009; 3.18333e-007; 1.12949e-007; 
3.23023e-007; -3.78875e-007; 2.6904e-006; 3.4458e-009; 2.2467e-007; 1.47128e-007; 
3.32281e-007; -4.27643e-007; 2.57107e-006; 3.46472e-009; 1.33345e-007; 1.77784e-007; 
3.37688e-007; -4.66552e-007; 2.42599e-006; 3.50051e-009; 4.52089e-008; 2.05006e-007; 
3.3931e-007; -4.95438e-007; 2.25793e-006; 3.54888e-009; -3.89637e-008; 2.28876e-007; 
3.3726e-007; -5.14314e-007; 2.06987e-006; 3.60591e-009; -1.18474e-007; 2.49475e-007; 
3.31699e-007; -5.23366e-007; 1.86495e-006; 3.66806e-009; -1.92704e-007; 2.66882e-007; 
3.22829e-007; -5.2294e-007; 1.64644e-006; 3.73213e-009; -2.61128e-007; 2.81177e-007; 
3.10895e-007; -5.13525e-007; 1.41765e-006; 3.79529e-009; -3.23321e-007; 2.92446e-007; 
2.96188e-007; -4.9574e-007; 1.18193e-006; 3.85502e-009; -3.78954e-007; 3.00774e-007; 
2.79032e-007; -4.70319e-007; 9.4258e-007; 3.90913e-009; -4.27796e-007; 3.06255e-007; 
2.59782e-007; -4.38085e-007; 7.02834e-007; 3.95573e-009; -4.69704e-007; 3.08988e-007; 
2.38811e-007; -3.99937e-007; 4.65798e-007; 3.99324e-009; -5.04623e-007; 3.09076e-007; 
2.16505e-007; -3.5683e-007; 2.34426e-007; 4.02033e-009; -5.3258e-007; 3.06633e-007; 
1.93253e-007; -3.09754e-007; 1.14788e-008; 4.03595e-009; -5.53678e-007; 3.01775e-007; 
